976.58
976.26
979.8
981.22
979.695
979.71
980.004
979.026
979.5
979.58
980.0155
979.58
979.81
980.34
980.85
979.99
980.2
979.07
979
979.22
979.13
980.95
981.13
982.6169
983.66
984.2401
986.6
989.05
992.21
997.011
996.89
995.32
997.02
996.9899
999.03
999.19
999.87
1001.61
1003.7099
1005.57
1004.2
1006.5
1005.57
1004.735
1004.42
1003.58
1002.39
1000.651
1000.66
999
998.286
999.44
1001.6915
1000.26
1002
1002.67
1002.8612
1001.205
1002.12
1002.416
1004.13
1003.26
1003.73
1002.32
1001.51
1001.63
1000.68
1000.66
1001.27
999.89
999.25
998.91
1001.2
999.85
1000.188
1000.24
1000.125
1000.525
1000.16
1000.96
1002.75
1001.79
1002.14
1002.01
1002.42
1001.76
1001.88
1001.38
1001.57
1001.23
1000.07
1000.63
1000.19
1000
999.9
1000.5025
1000.32
1000.7901
1000.85
999.69
999.632
1000.24
1000.82
1000.669
999.99
1000
1000.31
999.94
999.73
999
998.8
999.5
998.97
998.56
996.94
996.12
996.85
997.11
997.08
997.41
997.18
997.4499
997.95
998.27
997.87
997.83
998.24
998.179
998.685
998.08
997.448
997.79
997.9
997.508
997.78
997.68
997.59
998.282
998.02
997.85
997.5
997.04
996.281
997.25
997.39
997.27
997.285
996.54
996.52
996.24
995.91
996.48
996.87
997.0333
997.3448
998.218
997.91
998.78
999.4
999.5
999.73
1000.05
1000.43
1000.5
1000.3
999.93
1000.25
1000.65
1000.989
1002.8645
1002.84
1002.69
1002.5
1001.86
1001.83
1001.45
1001.51
1001.85
1001.7401
1002.4
1002.646
1002.3401
1003.14
1003.02
1002.88
1002.91
1002.93
1003.31
1003.49
1003.73
1004.45
1004.73
1004.76
1004.2901
1003.711
1002.855
1002.985
1003.278
1003.0225
1003.56
1003.8499
1004.08
1004.18
1004.7325
1004.145
1004.28
1004.22
1004.48
1004.13
1004.505
1004.99
1005.5
1005.98
1006.224
1006.49
1007.79
1007.5
1007.37
1006.95
1007.82
1008.1
1007.83
1008.18
1006.92
1006.5
1006.7
1006.5001
1007.006
1006.5101
1006.24
1006.25
1006.18
1005.8
1005.7901
1005.8
1005.98
1006.1289
1006.68
1005.94
1006.27
1005.99
1006.11
1005.49
1004.53
1004.74
1004.77
1005.654
1005.785
1006.18
1006.3525
1006.165
1006.87
1007.22
1006.99
1007.29
1007.5
1008.4201
1008.8
1009.36
1009.299
1008.65
1008.83
1009.15
1008.955
1008.97
1009.288
1009.615
1010.17
1010.9
1011.29
1011.11
1011.58
1011.64
1012.4
1012.54
1012.69
1012.95
1014.21
1013.956
1014.29
1013.06
1014.9699
1014.345
1013.08
1012.597
1013.12
1012.06
1011.3707
1011.57
1010.89
1010.56
1010.95
1010.5304
1010.78
1010.672
1010.73
1010.5
1010.01
1009.62
1009.57
1009.54
1009.51
1010.35
1010.82
1009.21
1009.27
1009.5016
1009.87
1010.08
1010.59
1010.32
1010.71
1011.15
1011.6899
1011.97
1011.634
1011.65
1011.32
1010.64
1010.76
1010.546
1010.82
1010.99
1011.44
1011.99
1012.03
1012.51
1012.39
1012.63
1012.52
1012.03
1012.24
1011.38
1011.14
1011.1601
1010.78
1010.26
1009.72
1007.495
1007.8025
1008.44
1007.56
1007.63
1008.43
1008.93
1009.21
1008.68
1008.78
1008.441
1008.4634
1008.024
1007.59
1006.937
1006.15
1005.1101
1005.27
1005.17
1005.414
1005.75
1006.23
1006.8
1007
1007.71
1007.88
1007.35
1006.515
1006.58
1007.035
1006.815
1006.812
1006.7
1006.1
1005.96
1005.77
1005.93
1006.3
1006.716
1007.98
1008.89
1009
1009.75
1009.7101
1009.87
1010.905
1010.91
1011
1011.01
1010.755
1010.535
1011.58
1012.595
1011.366