896.2
896.97
896.49
895
894.73
894.41
894.25
894.095
893.295
894.51
894.144
892.91
892.28
891.63
891.07
891.348
890.6
891.702
891.49
892.36
893.04
893.33
892.67
892.227
891.81
891.74
891.161
890.68
890.01
890.65
891
890.45
890.11
889.231
889.07
888.61
888.5
888
888.125
887.52
887.395
887.22
888
888.095
888.22
888.93
889.21
890.016
890.53
890.88
891.67
891.98
891.63
891.32
890.5
889.7474
889.51
890.66
890.5
890.6
890.35
890
890.95
890.43
890.776
889.8
890.01
890.07
889.381
889.925
889.06
889.63
888.94
888.76
888.34
888.64
889
888.88
888.89
888.581
888.2
888.78
888.55
888.9
888.36
888.55
888.47
888.44
888.59
888.34
888.59
888.5
888.35
888.28
888.27
888.54
888.77
888.9199
888.54
888.66
889.44
889.65
890.14
890.4484
890.14
890.34
890.38
890.266
890.44
890.325
890.638
891
891.002
891.05
891.32
890.96
890.65
890.264
890.03
889.985
890.75
890.75
891.032
890.93
890.87
890.46
890.73
890.73
891
891.139
891.01
890.69
890.52
890.51
890.51
890.06
890.2699
890.01
889.93
889.696
889.91
890.04
889.71
889.9399
889.65
889.69
889.69
889.77
889.83
889.891
889.74
889.69
889.99
889.96
890.207
890.21
889.9164
889.77
889.975
890.125
890.32
890.97
890.93
891.09
890.621
890.7
890.9375
890.61
890.94
891.15
890.65
890.6999
890.15
890.37
890.15
889.98
889.84
890.02
889.09
888.41
888.68
888.97
888.46
888.2513
888.4
888.32
888.45
888.75
888.84
888.75
888.88
888.48
888.35
888.5937
888.496
888.815
888.89
889.099
888.7
888.39
888.3501
888.325
888.15
888.01
888.018
888.28
889.36
889.53
889.63
889.378
889.09
889.11
889
888.9
888.96
888.91
889.07
888.9
888.825
888.89
888.8899
888.82
888.87
888.745
888.8478
889.22
888.825
888.86
888.71
888.78
888.55
888.29
888.47
888.44
888.24
888.26
888.29
888.278
887.96
887.4
887
886.46
887
887.21
887.329
888.19
887.34
887.35
887.46
887.5
887.59
887.77
888.22
887.9
887.33
887.34
888.19
888.19
888.42
887.95
887.91
887.96
888.25
888.37
888.43
888
888.13
888.25
888.08
888.18
888.087
888.17
888.79
888.74
888.61
888.55
888.7
888.31
888.308
888.03
887.98
888.06
887.61
887.12
886.95
886.93
886.9
886.286
886.2
886.73
887.025
886.44
886.398
886.1
886
886.63
886.41
886.2801
885.44
885.5
885.33
886.02
886.36
886.39
886.97
886.94
887.32
886.87
886.906
887.1
886.3388
887.1563
886.92
886.43
886.66
887.03
887
887.47
887.08
887.55
887.2653
887.3
887.82
888.05
888.34
888.33
887.93
887.4292
887.65
887.43
887.48
887.32
887.72
887.43
887.55
887.74
887.54
887.2802
887.34
887.2
887.53
887.57
887.261
887.28
887.148
887.52
887.36
886.528
886.59
886.8354
886.6
886.345
885.92
886.148
886.27
886.35
886.44
885.75
885.73
885.88
886.0301
886.144
885.69
886.01
886.2
886.59
886.46
886.64
886.22
886.55
885.25
887
887.26
887.46
887.41
888.1
887.33
887.16
886.85
886.53
885.58
886.42
885.972
885.442
885.5
885.408
885.08
884.4
882.5
882
881.999
881.5
881.73
883.49
883.34
883.22
884.01
883.99
883.795
884.35
884.61
884.091
883.38
883.11
882.99
882.5
881.4425
881.47
881.1
881.082
882.485
882.85
882.3
882.84
882.44
882.83
882.748
882.238
881.72
882.36
882.84
883.2
882.98
882.705
883.04
883.2601
883.341
883.63
883.63
883.23
883.19
883.31
883
882.8
882.36
882.78
883.14
883.44
883.21
883.63
883.85
884.18
885
884.72
884.575
884.238
884.03
884.04
884
883.53
883.65
883.26
883.05
883.17
883.09
883.589
883.52
883.68
883.78
883.88
884.22
884.12
883.58
883.53
883.795
884.09
883.7
883.919
884.22
884.33
884.43
884.26
884.34
884.37
884.32
883.92
884.01
884.44
884.55
884.47
884.4
884.55
884.51
884.75
884.36
885.37
884.94
884.78
885.1
885.06
884.92
884.77
884.65
885.01
884.925
884.2501
884.415
884.392
884.61
884.5
883.57
884
883.768
884.08
883.65
884
883.92
883.74
883.1
882.65
883.07
883.4
883.8
883.95
884.5
884.09
884.24
884.28
884.06
884.31
883.87
883.99
883.9
884.32
884.27
884.44
884.744
884.05
884.662
884.71
884.56
884.17
884.48
884.492
884.48
884.25
883.89
884.02
884.035
884.12
884.05
883.85
883.54
883.56
883.65
883.695
883.86
883.86
883.84
883.89
883.65
883.72
883.9
884.09
884
883.7644
883.8
883.965
884
883.86
883.6
883.45
883.49
883.505
883.53
883.455
883.78
883.71
883.8
883.706
883.6
883.56
883.69
883.73
884.04
883.91
883.855
883.41
883.704
883.83
883.97
884.27
884.27
884.205
883.88
883.73
883.25
883.32
883.44
883.55
883.488
883.41
883.39
883.7447
883.266
883.12
883.24
883.07
883.22
883.2
882.82
881.85
882.09
882.1983
882.48
882.34
882.39
882.4999
882.37
882.715
882.78
882.74
882.61
882.58
882.47
882.35
882.396
882.4
882.39
881.99
882.5
882.49
882.83
882.93
882.75
882.965
882.92
882.84
883.2
883.25
883.525
883.69
883.56
883.45
883.39
883.644
883.63
883.4718
883.51
883.31
883.4
883.26
883.29
883.76
883.66
883.26
883.096
883.1
883.7
884.01
884.07
884.2
884.25
884.05
884.15
884.24
883.81
883.97
884.05
883.74
883.875
884.213
884.15
884.25
884.36
884.12
883.74
883.32
883.64
883.844
883.71
883.4389
883.32
883.535
883.56
883.82
883.82
883.66
883.83
883.99
884.22
884.176
884.19
883.86
884.09
884.08
884.228
883.96
883.93
884.07
884.09
883.91
884.03
884.125
883.99
884.07
883.87
884.05
884.07
884.11
884.125
884.07
884.07
884.17
883.98
883.94
884.08
884.235
884.46
884.46
884.1
884.085
884.045
884.155
884.03
883.95
883.9
883.75
884.02
884.29
884.16
884.01
884.225
884.4
884.415
884.61
884.725
884.535
884.52
884.2301
884.44
883.86
884.12
884.0901
884.02
884.017
883.8
883.98
884.025
884.125
884.28
884.5575
884.575
884.79
884.9339
885.35
885.126
885.31
885.39
885.21
886.05
886.23
886.19
886.05
885.62
885.85
886.35
885.1
885.43
886.27
887.34
884.7
885.71
886.685
888.102
888.28
887.835
891.35
889.21
889.84
889.85
889.85
888.7641
888.99
888.32
887.82
887.62
888.34
888.64
888.68
888.77
888.52
888.52
888.624
887.9
887.4529
887.31
887.28
887.61
887.78
887.28
886.83
885.33
885.75
885.78
885.83
885.64
885.69
885.5
885.32
885.63
885.67
885.72
885.76
885.73
885.4701
886.28
886.435
886.195
886.19
886.03
886.11
885.8
885.14
884
883.65
883.3
883.785
883.87
883.5195
884.079
884.0101
884.05
883.97
884.77
884.72
884.72
884.39
884.07
884.295
883.738
883.72
884.24
884.388
884.15
884.14
883.94
883.99
883.965
885.34
885.68
885.61
885.54
885.4797
885.43
885.96
886.25
886.05
886.48
886.46
886.75
886.6
886.47
886.692
886.49
886
885.96
885.65
885.45
884.9745
884.91
884.72
885.214
885.05
884.8301
884.94
884.88
884.511
884.665
884.53
884.579
884.25
884.04
884.0315
884.3
884.17
884.16
884.16
884.1
884.275
884.17
884.44
884.56
884.3701
884.794
884.48
884.59
884.39
884.39
884.35
884.26
884.02
883.72
883.72
883.73
883.855
884.02
883.58
883.44
883.795
883.968
883.46
883.63
884.06
883.89
883.74
883.74
883.67
883.38
883.874
883.315
883.6399
883.92
883.99
884.04
884.014
884.08
883.595
883.48
883.39
883.79
883.861
884.05
884.02
884.36
884.13
883.7
884
884.19
884.26
884.47
884.035
884.2
884.1
883.828
884
883.77
884
883.72
883.41
883.61
884.045
884.26
884.26
883.9
884.37
884.12
884.06
884.21
884.3292
884.375
884.13
884.128
884.125
884.13
884.32
884.4
884.53
884.9
885.444
885.54
885.86
885.632
885.97
886.06
886.25
886.39
887.24
887.34
887.57
887.97
887.97
887.72
887.91
887.58
887.16
887.21
887.56
887.601
887.7
887.9
888.33
888.31
888.39
888.39
888.79
888.68
888.62
888.51
888.51
889.1
889.17
888.5
888.75
888.98
888.7
888.835
888.65
888.01
888.05
887.8497
888.12
888
887.91
887.96
887.65
887.32
887.28
887.75
887.78
888.35
888.68
888.78
888.72
888.87
889.31
889.01
888.51
888.77
888.99
889.17
888.991
889.445
889.9
890.97
891
894.6
893.31
893.57
890.7648
891.11
891.76
892.45
892.7399
891.42
892.88
894.54
895.83
894.631
894.431
893.9549
895.3
894.62
894.75
894.93
893.82
894.0401
895.005
895.6
895.12
895.9899
895.97
895.57
895.4501
895.54
895.06
895.5
895.93
894.8825
895.4
896.12
896.75
896.63
895.52
895.56
896.136
895.995
896.755
896.821
897.62
898.14
898.0825
898.33
898.37
899
899.35
899.26
899.5675
899.25
899.29
899.495
900.286
900.68
901.252
901.56
901.98
902.065
902.011
902.6
901.72
900.56
900.3825
900.58
900.72
900.92
901.44
901.79
902.22
902.8075
902.29
901.701
902.17
901.16
901.47
901.07
900.6385
900.68
900.49
901.44
902.37
902.66
902.83
901.18
901.85
902.2
901.9
901.614
901.765
900.79
901.01
900.86
901.26
900.915
901.75
902.02
902.24
902.05
902.1
902.46
902.49
902.75
902.6012
902.78
903.12
903.81
903.97
903.85
903.57
903.3182
903.51
902.7
902.655
903.09
902.74
903.21
905.99
905.95
904.53
902.39
902.42
902.12
902.81
901.64
901.5
899.85
897.97
896.72
898.7
899.69
899.3199
898.19
898.45
898.3882
897.51
897.95
898.45
899.133
899.07
899.1
898.71
900.6
900.38
900.17
900.621
900.77
901
901.695
901.34
901.28
901.65
901.5
901.15
901.06
900.1
900.21
900.18
898.62
898.39
898.62
898.27
898.51
898.49
898.65
897.27
896.75
896.98
897.209
897.85
898.12
898.7
899.11
899.4802
898.7801
898.97
898.38
898.14
898.19
898.1
897.88
898.398
898.28
898.73
899
899.5
900
900.5
900.8
901.19
900.9
899.73
899.91
899.98
899.58
899.48
899.3201
899.74
899.85
898.73
899.05
899.25
899.254
899.5801
899.44
899.12
899.31
898.9
898.98
899.062
898.47
898.44
898.97
898.93
899.135
899.29
899.3
898.89
898.95
898.85
898
897.96
898.08
898.31
898.31
898.17
898.734
899.5
899.7
899.805
899.86
900.3
900.745
900.61
899.54
899.74
899.98
899.76
899.93
899.95
898.892
897.978
898.2
898.64
899.24
898.61
898.61
898.81
898.9728
899.255
899.42
899.69
899.77
899.5
898.7
898.69
899.07
899.06
899.01
898.3908
898.32
897.71
897.65
897.8
897.395
897.54
897.23
897.47
897.86
897.73
897.775
897.899
897.7
897.89
897.88
897.834
897.61
897.5
897.885
897.73
897.53
897.7
897.7
897.69
897.5
897.37
897.48
897.49
897.25
897.2575
897.3
897.07
897.25
897.339
897.33
897.4001
897.47
897.45
897.39
897.31
897.36
897.469
897.3501
897.58
897.52
897.89
897.87
897.92
897.74
897.8
897.72
897.8
897.657
897.17
897.705
897.61
897.415
897.25
897.48
897.52
897.32
897.52
897.49
897.47
897.19
897.39
897.381
897.46
897.6401
897.93
897.78
897.7
897.56
897.535
897.32
897.22
897.02
897.25
897.33
897.53
897.58
897.745
897.68
897.7
897.7
897.815
897.745
898.69
898.7
898.57
898.629
898.5
898.742
898.5767
898.45
898.68
898.53
898.4
898.1725
898
897.59
897.3
897.65
897.915
898
897.925
897.95
897.85
897.75
897.62
897.71
897.95
898.01
897.96
897.994
897.94
897.7425
897.77
897.21
897.05
896.99
896.6
895.62
895.68
895.88
896
896.5
896.35
896.23
896.35
896.44
895.835
895.84
895.93
896
896.26
896.7
896.355
896.5
896.7701
896.91
896.75
896.56
896.27
896.575
896.58
896.14
896.08
896.5316
896.52
896.46
896.5
896.56
896.8502
896.59
896.14
896.26
896.71
896.65
896.55
896.63
896.9875
896.71
896.96
896.596
896.615
896.7
896.56
896.57
896.5
896.36
896.33
896.4
896.5501
896.75
896.9
896.38
896.54
896.57
896.37
896.45
896.7
896.9737
897.1
896.89
897.105
897.26
897.29
897.4404
897.58
897.68
897.92
897.9599
897.75
897.51
897.355
898.015
897.93
897.671
897.79
898
898.093
898.29
897.94
898.53
898.83
898.81
898.8
899.11
899.02
898.99
899
898.83
898.8
898.87
898.83
898.72
898.42
898.23
898.2
898.47
897.93
898.2
897.86
898.06
898.44
898.8
899.02
899.23
899.31
899.3701
899.54
899.32
899.228
899.21
899.41
899.28
899.51
899.4
899.26
899.05
898.66
898.51
898.461
897.988
898.39
898.995
899.446
898.08
897.733
897.69
898.025
898.05
897.58
898.42
898.02
897.74
898.08
898.19
897.64
898.01
898.05
897.57
898.34
897.565
897.76
897.27
897.81
898.05
897.32
897.4
897.679
897.42
896.93
896.6
897.04
897.58
897.77
897.62
898.17
898
897.2375
897.4
897.82
897.8
897.99
897.09
897.79
897.97
898
898.31
898.3
898.058
898.2
897.9813
897.88
898
897.89
897.77
898.14
898.125
898.33
898.79
899.5264
899.47
899.89
900.36
900.58
899.52
900.37
900.65
900.27
900.656
900.841
901.07
901.53
900.85
900.59
900.585
900.54
900.74
900.605
900.58
900.43
900.155
900.52
901.08
900.96
901.01
901.02
900.82
900.62
900.7
900.724
900.73
900.91
901.105
901.2
901.23
900.935
901.22
901
901.05
900.33
899.9899
899.63
899.618
899.16
899.01
899.191
898.75
898.69
898.581
898.3
897.83
897.91
897.92
897.56
897.53
897.98
897.52
897.42
897.5
897.67
897.56
897.84
898.02
898.122
898.104
898.06
897.78
897.73
897.44
897.87
897.69
898.01
897.936
897.1729
897.63
897.28
897
896.8
896.4001
896.34
896.67
896.5
896.665
896.78
896.8
896.42
896.37
896.36
896.55
896.61
896.29
896.27
896.192
896.78
896.4414
895.97
896.48
896.75
896.98
897.07
897.1
896.83
896.72
897.169
897.04
897.12
896.86
896.9435
896.926
896.98
897.06
897.12
897.28
897.22
897.002
896.88
897.12
897.1
897.215
897.51
897.38
897.01
897.17
897.3
897.12
897.32
897.75
897.8926
897.99
897.85
897.75
898.09
898.68
898.77
898.874
899.08
899.14
898.84
898.72
898.8001
898.79
898.76
899.03
899.04
898.89
899.08
899.18
899.414
899.53
899.6
899.9
899.99
899.97
900.03
899.99
899.82
899.79
899.67
899.436
899.19
899.32
899.4399
899
899.1399
898.78
898.77
898.74
898.72
898.73
898.67
898.829
898.89
898.76
898.7
898.69
898.17
897.86
898.59
898.575
898.22
898.33
898.58
898.28
898.48
898.99
898.9
898.67
898.62
898.8586
898.869
898.99
898.58
898.65
899.01
898.83
898.81
898.944
899.25
899.05
899.05
899.1686
899.52
899.73
899.81
899.63
899.39
899.42
899.4109
899.3
899.3
899.06
899.17
899.2201
899.3
899.5
899.61
899.97
899.87
899.701
900.08
899.92
900.12
899.92
900.11
900.02
899.97
900.031
900
900.055
900.01
900.01
900
900.18
900.467
900.79
900.89
901.2
901.03
901.08
901.15
900.97
901.07
900.735
900.54
900.59
899.96
899.96
899.975
899.92
899.64
899.35
899.48
899.73
899.81
899.51
899.92
899.85
900.091
900.02
899.93
899.76
899.85
900.03
900.08
899.91
899.665
900.28
900.43
900.27
900.07
900.06
900.22
899.865
899.75
899.87
899.88
899.82
900.21
900.135
899.91
899.67
900.22
900.38
900.22
900.05
900.4
900.47
900.58
900.24
900.43
900.75
900.32
900.35
900.12
900.21
900.7101
901
900.961
901.2
900.9
901
901.42
901.46
901.3101
900.99
901.27
900.768
901.06
901
900.984
901.13
901.22
901.115
901.2
901.19
900.86
900.68
900.57
900.64
901.11
901.235
901.62
901.729
901.61
902.005
902.1
902.31
902.24
902.32
903.048
896.15
896.42
895.44
897.6
896.72
895.67
896.3
896.22
897.24
898.5
900.15
900.966
900.19
900
899.29
898.5
897.56
897.005
897.3625
896.62
896.56
897.32
897.77
897.8
897.355
897.46
897.14
897.62
898
898.09
898.47
897.74
898.487
898.06
897.2596
895.87
896.63
896.63
896.98
896.22
895.851
896.21
896.23
895.93
895.37
893.63
894.58
894.4
894.05
894.06
894.95
894.36
894.72
894.86
894.961
894.98
894.98
895.02
895.18
895.045
893.845
894.403
894.03
894.16
894.25
894.49
894.49
894.525
894.38
894.53
894.2826
894.28
893.99
893.96
894.03
893.61
893.471
893.58
893.28
892.9099
893.075
893.11
892.1
891.94
891.91
891.64
891.25
891.03
891.14
890.48
889.47
889.27
889.412
890.33
889.885
890.285
889.97
889.56
889.59
889.48
889.45
889.03
888.9505
889
888.53
888.65
888.81
888.37
888.8
888.15
888.305
888.14
888.06
887.45
887.445
887.4682
887
886.28
887.21
887.08
886.4224
886.84
887.2
887.1899
887.01
886.98
887.48
887.34
887.41
887.6
887.85
887.7
888.3
887.86
887.69
888
887.875
887.88
888.104
888.4303
888.33
888.64
888.56
888.38
888
888.31
887.88
887.83
888.18
887.7
887.192
887.01
887
887.13
887.072
887.43
887.105
887.2
887.14
887.31
887.45
887.514
888.07
888.87
888.71
887.801
888.58
888.05
888.14
887.978
887.5
887.45
887.95
887.65
887.75
887.5
887.31
887.57
887.6542
887.36
887.57
887.22
887.31
887.21
887.17
887.55
887.707
887.5
887.68
887.62
887.96
887.9041
887.7
887.965
887.8204
887.965
887.96
888.03
888
888.08
888.72
888.06
888.02
887.8199
887.15
887.3
887.37
888.1
887.955
887.64
887.35
887.62
887.585
887.33
887.15
887.25
887.11
887
886.95
887
887.025
887.135
887.24
886.85
886.7
886.51
886.53
886.38
886.545
886.895
887.16
886.8
886.52
886.3
886.07
886.075
886.01
885.96
886.2293
886.39
887.07
887.46
887.69
887.2701
888.091
888.18
888.5
886.84
887.4399
887.43
887.83
887.15
887.19
887.0285
887.71
887.64
887.69
887.7
887.75
887.82
888
888.38
888
887.98
887.85
887.93
888.16
888.39
888.6
888.35
888.45
889.38
889.1
888.87
888.46
888.106
887.68
887.76
887.895
887.58
887.55
887.6
887.537
887.68
887.54
887.42
887.26
887.24
887.28
886.71
886.64
886.395
886.39
886.31
885.8
885.66
885.84
886.311
886.72
886.695
886.9499
886.78
886.89
886.46
886.922
886.8
886.855
886.46
886.3
886.3
886.31
886.35
885.69
886.08
886.54
886.49
886.68
886.623
886.59
886.87
886.5001
887.16
886.71
886.71
887.2399
887.26
887.76
887.59
887.56
887.5541
887.72
887.779
887.99
888.3245
888
888.36
888.42
888.2199
888.17
888.2199
888.35
887.69
887.263
886.72
887.5
887.72
887.75
887.74
887.03
887.185
886.77
886.75
887.1491
886.88
886.82
886.9
886.28
886.41
886.01
886.5
886.73
886.58
886.5
886.7771
887.506
887.21
887.488
886.8
886.6
887.11
887.2
887.27
887.41
887.3
886.67
886.2767
885.96
885.63
886.37
886.93
886.82
886.16
885.7
885.65
885.48
885.39
886.13
885.85
886.5
887.57
887.25
886.75
889.08
888.99
889.6
889.81
889.65
889.35
888.6
888.43
888.75
888.64
888.434
887.57
886.99
887.44
887.84
887.91
887.597
887.099
885.24
885.57
885.73
886.43
886.736
885.58
885.25
885.65
885.87
885.12
883.75
883.78
884.92
884.4
884.14
884.691
884.91
884.37
884.31
885.22
884.84
885.15
884.38
884.06
883.51
882.57
882.7601
882.45
882.42
881.88
881.81
882.28
882.76
883.04
882.68
882.03
882.02
882.28
883.763
884.7
884.88
884.86
884.94
884.375
884.13
884.89
884.2
884.38
885.16
884.66
884.58
884.87
885.5
885.9799
886.46
886.29
887.82
887.57
887.54
887.53
887.77
888.4
888.58
889.23
889.16
889.48
888.77
888.6
888.37
887.65
888.1753
888.71
888.37
888.384
888.59
888.2
888.434
888.315
888.06
888.29
888.17
888.11
887.9762
888.15
888.33
888.225
888.09
888.23
888.081
887.99
887.74
887.57
887.86
887.38
887.4901
887.5004
887.8
888
887.566
887.14
887.62
887.5
887.68
887.64
887.96
887.73
887.26
887.54
887.44
887.323
887.721
887.41
887.285
887.3799
887.01
886.9
886.688
886.51
886.13
886.5
886.22
886.02
885.87
886.38
886.46
886.54
886.42
886.34
886.28
886.512
886.42
886.05
886.06
886.06
885.795
885.73
886.27
886.43
885.93
886.16
886.325
886.2404
886.2
886.34
886.32
886.185
886.21
886.58
886.36
886.11
886.4
886.25
886.129
886.26
886.56
886.66
887.01
887.639
887.755
887.61
887.15
887.21
887.5
887.68
888.19
888.05
888.26
887.74
887.5
887.79
887.9
887.89
887.644
888.09
888.16
888.19
887.58
887.54
887.505
887.25
887.095
886.401
886.1252
886.56
886.29
886.42
886.61
886.47
886.73
886.57
886.67
886.82
887.06
886.79
886.8
886.85
886.36
886.51
886.58
886.54
886.5301
886.75
886.78
887
886.99
887.13
886.95
886.84
886.9
887.07
887.03
887.16
887.23
887.79
887.86
888.03
887.883
887.81
887.86
888.09
887.97
887.95
888.2199
888.34
888.29
888.4
888.61
888.6
889
889.06
888.6
888.78
888.7502
888.73
888.69
888.73
888.7699
888.91
888.68
888.45
888.104
888.23
888.15
888
887.8
887.9
887.9
888.31
888.22
888.03
888.05
888.38
888.18
888.1
888.72
888.67
888.25
888.31
888.4
888.39
888.015
888.06
888.13
888.22
888.22
888.33
888.39
888.34
888.25
887.75
887.59
887.5
887.251
887.37
887.25
887.38
887.13
887.13
887.17
887
887.38
887.69
887.64
887.79
887.86
887.9
887.5006
887.64
887.68
888.29
888.3044
888.17
888.19
887.8
887.7
887.73
887.79
888.06
888.53
888.24
888.2
887.995
888.056
888.18
887.61
887.66
887.31
887.28
887.36
887.74
887.7
887.98
887.89
887.985
887.44
887.51
887.65
888.02
888.045
888.62
888.74
889.07
888.79
888.43
888.28
888.77
888.49
888.23
888.17
887.9
887.72
887.5
887.25
887.57
887.46
887.25
887
887
887
886.75
886.63
886.26
886.6075
886.596
886.18
886.27
886.58
886.98
886.82
886.51
885.09
884.845
884.96
884.525
884.77
885.19
885.08
885.09
885.27
884.95
884.79
884.71
885.11
886.55
886.44
885.09
884.822
885
882.55
883.89
882.13
882
882.84
882.0404
882.04
882.448
882.97
883.04
882.7
882.3499
881.51
881.75
879.765
880.625
880.99
878.47
880.95
879.72
880.19
880.14
880.057
879.83
879.81
880.2
880.05
878.93
878.26
879.37
879.31
879.45
879.4
881.443
880.56
880.53
879.42
878.729
878.55
879.16
879.33
879.21
879.66
879.2
879.405
879.38
879
878.8701
879.23
880
880.45
879.75
879.92
880.79
880.57
880.515
880.85
880.59
881.25
881.28
881.54
881.66
881.958
882.14
881.78
881.85
882.21
882.07
881.332
881.21
881.53
881.4323
881.02
880.78
880.3
880.04
879.65
880
880
880.346
880.085
880.25
880.95
881.2
880.755
881
880.94
881.08
880.65
880.181
879.46
879.33
879
878.97
879
879.01
878.936
879.42
879.1799
879.17
879.4
879.39
878.92
879.08
880.12
880.23
880.0001
880.95
880.921
880.29
880.7
881.29
881.48
881.78
881.77
881.8
881.5
881.95
881.1
881.21
880.89
880.91
880.86
881.14
881.66
881.49
881.56
881.44
881.022
880.84
880.96
880.7
880.89
880.64
880.412
880.32
880.95
881.04
881.41
881.43
881.74
882
882.04
882.05
881.582
881.908
881.72
881.315
881.39
880.58
880.69
880.94
881.246
881.12
881.95
881.73
881.74
881.77
881.57
881.2
881.4201
881.7005
881.336
881.71
881.9999
882.09
882.03
881.41
879.72
880.05
880.21
880.39
879.67
879.989
879.9
880.12
879.74
879.695
880.09
880.2
879.81
879.86
880.18
880.27
880.48
880.49
880.15
879.9
879.98
880.07
880.05
880.4
880.87
880.49
881.03
880.94
880.92
880.414
880.41
879.97
879.57
879.71
879.89
880.17
880.24
880.15
880.57
880.846
880.28
879.996
880
879.691
879.39
879.54
879.26
879.22
878.675
878.78
878.85
878.69
878.66
878.76
878.81
878.5
878.142
878.42
878.49
877.83
876.6
877.42
878.16
877.91
877.1
877.59
877.7
877.3054
876.6
875.78
875.93
876.07
876.01
875.88
876.6
876.98
876.568
876.11
875.895
876.11
876.61
876.2
875.68
875.68
876.14
876.79
876.78
876.4
876.86
877.15
876.8
876.85
876.86
876.98
878.16
878.03
878.3
878.24
878.18
877.57
877.485
877.46
877.71
877.16
877.108
877.21
876.92
876
876.45
876.825
876.3
876.72
876.71
876.75
876.91
877.13
877.2375
876.73
876.65
876.77
876.11
876.2976
875.85
876.47
876.51
876.45
876.42
876.22
875.982
876.87
877.247
876.94
876.94
877.12
877.01
876.853
876.75
877.44
877.13
876.8697
877.4705
877.5
877.57
877.86
878.16
877.99
878.24
878.25
878.165
878.03
878.04
878.16
878.05
878.14
877.91
877.71
877.12
876.825
877.21
877.04
876.9
876.75
876.57
876.41
876.6
877.099
876.97
878.44
879
878.49
878.486
878.0105
877.82
877.76
877.96
877.7999
877.53
878.12
877.82
877.31
877.03
877.2
877.265
876.27
876.44
876.783
877.15
876.358
876.54
876.68
877.42
876.88
877.28
877.54
877.13
877.26
877.41
877.38
877.36
877.87
877.48
877.48
877.71
877.42
877.52
877.76
877.67
877.37
876.74
876.63
876.55
877.05
876.912
877.59
877.5
878.27
878.02
878.3
878.29
878.68
879.343
879.2501
880.37
879.857
881.26
882.17
882
880.84
880.33
879.79
879.6
879.8
879.72
879.51
879.3934
879.28
879.5
879.53
879.81
879.26
878.895
878.5
877.26
877.02
876.885
877.33
877.78
878.41
878.23
878.2388
878.18
878.688
878.0791
878.3
879.04
878.9
879.03
879.55
879.71
879.7
879.79
879.84
880.01
880.03
879.92
880.96
880.7
880.801
881.8
882.31
881.83
881.98
881.1583
881.235
881.45
881.28
881.5
881.35
881.84
881.978
882.3
881.865
881.52
881.21
881.36
881.05
881.31
880.7
880.8
881.19
881.27
880.88
880.11
879.27
878.92
878.08
878.33
878.57
878.376
878
878.18
878.609
878.39
877.8599
877.75
877.73
877.905
877.78
878.26
877.96
877.33
877.51
877.5
877.22
876.72
876.83
876.85
877.39
877.57
877.12
877.292
877.05
877.36
877.39
876.8
876.424
876.485
876.23
876.34
876.21
877.3499
877.37
877.88
877.64
878.144
878.28
877.96
877.38
877.765
877.53
877.03
876.81
877.1
877.01
877.65
877.29
877.28
877.65
878
878.19
878.2
878.23
877.77
877.32
877.14
877.08
877.66
877.87
878.17
878.18
878.24
878.265
878.62
878.999
878.5
878.62
878.43
878.48
878.67
878.5
878.07
877.92
878.09
878.06
878.318
878.44
878.31
878.34
878.25
878.26
878.3612
877.5
877.86
878
878.25
878.22
878.25
878.44
878.24
878.68
878.6
878.77
879.14
880.36
880.09
879.95
880.24
880.21
880.185
880.06
880.04
879.29
879.749
879.929
879.56
879.85
879.96
879.7
879.68
879.8
879.47
879.38
879.28
879.17
879
878.88
878.96
879.15
878.55
879.1999
879.07
879.215
878.92
878.92
879.27
879.4
879.89
879.69
879.35
879.4705
879.3
879.44
879.84
879.85
879.9501
879.68
879.05
879.43
879.39
879.63
879.45
879.025
879.356
879.584
879.68
879.29
879.59
879.71
879.553
879.43
879.64
878.91
878.91
878.26
878.5
878.12
878.25
877.97
878.15
878.71
878.38
878.14
877.76
877.83
877.51
877.475
877.47
877.27
878.25
877.609
877.82
877.64
877.62
877.705
878.15
878.61
878.71
878.592
878.53
878.985
878.185
877.51
877.48
877.95
877.23
877.284
877.5
877.76
877.9
877.46
877.3
877.85
877.305
877.63
877.86
877.9
878.2604
877.59
877.875
877.21
877.2
877.2
877.71
878.01
877.65
877.78
877.61
877.13
877.19
877.1
876.7
877.5499
876.93
877.23
876.68
876.95
876.51
876.58
876.61
875.62
875.51
876.15
876.32
876.12
875.78
875.85
875.66
875.69
875.99
875.35
875.52
875.34
875.1
875.49
875.68
876.05
875.82
875.929
875.64
875.87
875.74
876.11
875.84
875.86
875.56
875.78
876
876.56
876.21
875.93
875.94
876.07
875.32
875.026
875.25
875.32
875.39
875.36
875.33
875.42
875.25
875.81
875.76
875.71
875.55
875.68
875.72
875.21
875.25
875.215
875.9
875.72
875.775
875.685
876.03
876.58
876.6601
876.13
876.424
876.98
876.7
876.572
876.44
876.62
876.42
876.12
877.05
877.43
877.4
876.98
876.79
876.685
876.235
876.064
877.21
877.91
877.87
874.82
874.97
875.35
874.28
874.265
874.48
874.05
874.06
874.39
874.11
874.3
872.9
873.48
872.6369
873.05
873.86
873.38
873.358
873.58
873.93
873.19
873.46
873.29
873.38
873.26
873.15
873.63
873.106
872.851
872.6
872.2775
871.94
871.79
871.73
871.51
871.97
871.85
872.15
872.125
872.245
872.125
872.37
872.21
872.73
872.77
873.17
873.385
874.52
874.39
874.12
873.62
873.59
874.22
873.74
873.58
873.8599
873.33
873.45
873.17
873.33
873.51
872.95
873.15
873.64
873.94
874.5
874.54
874.66
874.15
874.25
874.39
874.73
874.54
874.47
874.22
874.53
874.341
874.7
874.9
874.97
874.09
874.3693
873.9
873.84
873.56
873.425
873.345
873.34
873.44
873.4
873.57
873.77
873.47
873.64
873.55
873.3
872.82
872.935
873.04
872.85
872.95
872.96
872.7501
873.18
872.92
872.77
873.23
872.97
873.01
873.2
872.9
872.96
873.03
872.82
873
873.11
873.29
873.5
873.59
873.928
874.1
874.22
874.08
873.855
873.785
873.8
873.86
874.13
874.576
874.45
874.4
874.46
874.4
874.05
874.175
874.3299
873.85
873.82
873.88
873.89
874
874.3
874.49
874.5
874.29
874.68
874.59
874.275
873.84
873.79
874.01
873.92
874.15
874.06
874.21
874.29
874.1
874.24
873.96
873.84
873.82
874.03
874.13
873.8713
874.06
874.1628
874.43
874.801
874.91
874.5
874.23
874.55
874.6199
874.61
874.33
874.22
873.9
874.21
874.93
874.78
874.471
874.46
874.18
874.34
874.23
874.13
874.54
874.6
874.19
873.88
874.226
873.69
874.072
873.944
873.98
874.26
874.11
874.42
874.44
874.63
874.61
874.47
874.38
874.45
874.241
874.57
874.5
874.5
874.66
874.63
874.75
874.81
874.621
874.885
874.99
874.9256
875.53
875.53
875.49
875.55
875.5
875.31
875.18
875.08
875.28
875.3
875.28
875.11
875.13
874.915
874.69
874.96
874.79
874.56
874.8
874.7
874.505
874.31
874.4281
874.18
874.114
874.5
874.54
874.6
874.78
874.725
874.6301
874.74
874.69
874.69
874.75
874.76
874.67
874.875
874.929
874.925
874.974
875.04
874.966
874.8
874.98
875.042
874.815
875.42
874.92
875.18
875.02
875.14
875.262
875.45
875.04
874.93
874.58
874.64
874.48
874.7
874.82
874.885
874.642
874.48
874.83
874.78
874.8
874.83
874.88
874.972
875.03
874.95
874.846
875.076
874.96
874.96
874.92
874.83
874.669
874.8
874.815
874.795
874.511
874.88
874.84
875.135
875.11
875.09
875.21
875.07
875.07
875.24
875.478
875.19
875.07
875.27
875.0001
875.14
875.434
875.071
875.07
875.38
875.22
875.26
875.36
875
875.09
875.27
875.28
875.327
875.06
875.005
874.95
874.87
875.344
875.32
875.33
875.414
875.55
875.48
875.28
875.42
875.52
875.58
875.7
875.52
875.63
875.5
875.52
875.524
875.455
875.45
875.95
875.7501
875.98
876.51
876.3
876.23
876.165
876.135
876.15
876.21
875.89
876.27
876.44
876.43
876.53
876.66
876.71
876.86
877.08
876.98
876.9
876.73
876.26
876.73
876.96
876.97
876.78
876.62
877.234
877.2425
876.85
876.64
876.76
877.05
869.08
870
868.69
870.44
869.33
869.53
871.1
870.07
869.97
869.69
870.53
871.43
872.44
873.132
873.225
872.54
872.315
873.47
873.116
873.01
872.995
872.79
871.94
871.975
871.7
872
872.75
872.66
872.82
873.225
873.7
873.395
874.05
874.035
873.77
873.72
873.4
873.08
873.22
872.8101
873.08
872.81
873
872.47
872.22
871.8
872.64
872.41
873.75
874.19
874.06
874.41
874.02
874.02
874.34
875.54
875.52
876.88
876.44
878.43
877.2492
878.6
878.37
877.83
877.03
876.83
877.19
877.59
877.3175
877.75
877.4505
878.29
878.15
878.82
879.74
879.48
878.79
879.17
879.509
878.21
878.7847
878.34
878.655
878.68
877.9
877.68
877.69
877.84
877.65
878.01
878.8
878.555
878.26
878.87
879.01
878.95
878.1
878.682
878.75
878.09
877.94
877.93
877.25
877.622
877.75
876.785
876.26
876.245
876.29
876.13
876.89
877.12
877.22
877
876.6001
876.77
876.85
876.555
876.96
876.96
877.03
877.18
877.44
877.56
877.79
878
878.013
878.28
878.198
878.14
878.3
878.17
878.67
878.61
878.42
878.56
878.889
879.28
879.309
878.76
878.475
878.087
878.2301
878.58
878.68
878.7
878.91
878.45
879
878.81
879.14
879.55
878.91
878.54
878.44
877.85
877.91
877.92
877.77
877.88
877.49
877.197
877.2
877.16
877.53
877.65
877.62
877.83
877.64
877.57
877.64
877.7
877.568
877.51
877.45
877
876.945
877
877.122
877.07
877.25
877.65
878.09
877.65
877.82
877.97
878.05
877.9
878.1
877.75
877.615
878.19
878.55
878.21
878.22
878.44
878.26
878.08
877.89
877.852
877.5
877.49
877.27
877.33
877.42
877.45
877.6
877.609
877.73
878.464
878.72
878.38
878.72
878.86
878.86
879.32
879.45
878.64
878.95
878.66
878.754
878.56
878.57
879.67
880.04
880.48
880.01
880.08
879.61
879.48
879.4
878.945
878.96
878.6
878.505
878.26
878.72
878.78
878.9
879.17
879.896
879.88
879.935
879.26
879.29
879.37
879.32
879.75
879.45
879.14
878.985
879.4
879.315
879.313
879.529
879.32
878.9
878.93
878.081
878
877.81
877.55
877.68
876.46
877.462
877.71
877.21
877.305
877.284
877.035
877.255
877.32
877.53
877.99
878
877.79
877.49
877.34
878.01
877.35
877.47
877.12
877.07
877.162
876.61
877.02
877.254
877.07
877.06
877.12
877.65
877.498
877.58
877.74
878.2801
877.93
877.882
878
878.27
878.7925
878.36
878.57
878.05
878.266
878.279
877.68
877.83
877.33
877.7
878.68
878.5
878.526
878.842
878.44
878.26
878.22
877.93
877.73
877.608
877.85
877.7
876.97
876.5
876.52
876.32
876.3
875.765
876.23
876.55
876.56
877.15
876.91
876.295
875.5
875.68
875.52
875.235
875.2101
875.685
875.89
876.2
875.8
876.16
876.0844
876.46
876.68
876.5066
876.6
876.67
876.22
876.175
875.855
875.24
875.6
875.33
875.4192
875.45
875.48
875.45
875.78
875.41
875.5
875.12
875.16
874.78
875
876.23
875.165
874.47
874.27
874.24
874.31
874.445
874.39
874.79
874.65
875.39
875.71
875.155
876.39
875.91
880.25
881.65
881.67
881.85
884.93
887.03
885.98
884.5372
883.648
883.79
884.41
882.48
883.05
883.65
883.45
883.5
883.0964
882.44
882.85
882.21
882.32
882.31
882.71
882.8
882.8
882.87
882.6125
882.69
882.57
882.45
882.92
882.39
883.43
882.84
883.49
883.63
884.685
884.65
884.67
884.982
884.76
884.862
884.5901
884.3
883.61
883.06
883.779
883.97
884.185
883.7
884.1
884.52
884.84
884.715
884.2099
884.2
884.97
884.67
884.86
884.38
884.6
884.96
884.84
885.11
885.232
885.6
885.98
885.2313
885.01
885.2
885.7
885.92
886.0188
886.37
886.39
886.48
885.9941
885.51
886.0499
886.19
886.03
886.05
885.95
885.93
886.04
886.2
886.17
886.0657
886.34
886.4
886
886.165
886.16
886.005
886.41
886.64
886.66
886.75
886.392
886.025
886.18
886.03
886.025
886.03
885.86
886.09
885.81
885.55
885.54
884.74
884.75
884.77
885.366
885.492
885.501
885.55
885.69
885.5
885.02
885.33
884.57
884.95
884.9799
884.87
885.03
884.66
885.2801
884.31
884.2875
884.006
884.44
884.65
884.89
884.842
884.92
884.8
885.12
884.88
884.85
884.92
884.86
884.9
884.96
885.13
885.12
885.03
884.23
884.45
884.37
884.29
884.29
884.78
884.55
884.43
884.5678
884.42
884.4956
884.505
884.195
884.56
884.5
884.26
884.06
884.06
884.37
884.4224
884.3
883.97
883.9976
884.35
884.52
884.56
884.53
884.5884
884.67
884.548
885.1
884.98
884.52
883.95
883.74
883.645
883.3614
883.61
883.4
883.4335
883.35
883.69
883.779
883.83
883.55
883.471
883.43
883.41
883.57
883.75
884.285
884.04
884.14
884.19
884.17
884.01
884.1
883.83
883.74
883.6221
883.68
883.97
883.86
884.35
884.3
884.07
884.43
884.7
884.74
884.989
885.11
885.21
885
885.57
885.58
885.3
885.125
885.45
885.2801
885.59
885.4825
885.63
885.52
885.4
885.405
885.63
885.36
885.42
885.38
885.38
885.495
885.63
885.69
885.675
885.8725
885.54
885.98
885.91
885.68
885.8
885.751
885.91
885.65
885.71
885.8
885.82
885.58
885.3834
885.51
885.24
885.08
884.71
885.19
885.36
885.1
884.92
885.18
885.24
885.4
885.525
885.7
885.4
885.405
885.82
885.97
886.1
886.02
886.24
886.66
886.44
886.36
886.51
886.63
886.6
886.8
886.735
886.74
886.38
886.4201
886.2801
886.8
886.81
886.8
886.96
886.67
886.32
886
885
884.49
884.645
884.71
884.81
885.3
884.91
884.57
884.74
884.6663
884.38
884.02
884.4899
884.59
884.45
884.56
884.94
885.16
884.94
884.5
884.97
885.01
885.43
885.31
885.1
885.15
885.42
885.38
885.18
885.04
885
885.3
885.87
885.53
885
885.55
885.81
885.99
885.79
885.84
885.74
886.18
886.23
886
886.03
886.28
886.4
885.92
885.7154
886.3499
885.42
885.78
885.45
886.316
885.64
885.42
884.935
885.15
885.23
885.31
885.25
885.32
885.43
885.19
885.71
885.3
885.48
885.59
885.77
886.16
885.81
886.3
886.15
885.937
886.34
886.3699
886.34
886.155
886.29
885.77
884.89
885.5
885.5
886.13
885.7947
885.32
885.83
886.17
885.81
885.875
886.075
886.3
886.24
887.004
882.73
882.44
882.68
883.95
883.29
882.78
883.46
883.95
883.69
883.32
883.2
882.55
881.92
882.24
881.5908
882.8683
882.79
882.49
882.52
883.41
882.95
881.9
881.21
880.68
881.41
881.95
882.2301
881.9104
881.475
881.18
881.58
882.07
881.41
881.176
881.2
881
880.768
880.86
880.31
879.32
878.85
878.385
878.76
877.845
878.2
879.1
879.44
878.88
879.27
879.53
880.34
879.66
879.27
880.07
879.55
880.04
880.58
880.4391
880.7
880.25
880.4
880.15
879.77
879.95
879.0001
879.85
880.14
879.99
879.96
880.81
881.1999
880.972
880.778
880.7
880.65
880.8733
880.79
881.6
881.12
881.46
881.35
881.19
881.18
881.25
881.08
880.85
881.7
882.34
883.29
883.079
882.96
882.61
882.675
882.5
882.5
882
882.345
882.47
882.66
882.4925
882.44
882.57
882.34
882.93
882.9
882.75
883.45
883.5
883.7
884.6
884.58
884.04
884.75
883.96
883.86
884
884.105
883
883.2
882.68
883.16
883.45
883.39
883.42
883.6275
882.82
883.31
883.25
883.07
883.26
882.91
883.22
882.84
882.51
882.27
882.73
882.632
882.98
883.69
884
883.85
883.55
883.63
884.47
884.25
884.1
884.5718
884.21
884.2
884.37
884.51
884.5
884.545
884.61
885.894
885.98
885.99
885.385
885.475
885.65
885.61
885.7965
885.75
885.13
885.48
885.6
885.76
886.2999
885.855
885.24
885.16
885.37
885.331
885.9135
884.632
884.22
883.81
883.61
883.6
884.23
884.9
884.68
884.9
885.2
885.28
885.69
885.1
885.29
885.53
885.72
885.8
885.97
886.151
885.91
885.71
886.06
885.57
885.304
885.63
885.5125
885.88
885.892
885.71
885.72
885.95
885.93
885.98
886
885.8232
885.8
885.98
886.162
886.13
886.1
886.195
885.94
886.32
886.36
886.65
886.3
885.59
885.41
885.0701
884.96
884.85
884.5
884.31
884.7948
885.64
885.99
886.38
885.8325
886.44
886.63
886.4
886.15
886
885.9325
885.97
886.29
886.63
886.28
886.345
886.89
887.1
887.02
886.84
886.7665
886.79
887.1899
887.31
887.66
888.5
888.2044
888.3
888.37
887.74
887.82
888.1
888.05
887.617
887.401
888.1399
887.87
887.77
887.992
887.75
888.25
888.33
888.459
889.355
888.32
888.18
889
888.58
888.03
887.31
887.34
886.58
886.3
886.38
887.35
887.1014
887.26
887.26
887.1052
887.33
887.75
887.71
887.82
887.61
887.01
887.4
887.15
887
887.31
887.479
887.37
887.37
887.2
886.64
886.39
886.21
886.45
886.09
885.9
885.77
885.79
886.19
886.48
885.9085
886.2536
886.3
886.15
886.17
886.43
886.18
885.86
886.27
886.52
886.83
886.93
886.39
886.6
886.7
886.31
886.1
886.12
886.187
885.78
886.17
886
886.38
886.85
886.91
886.83
886.74
886.726
886.3125
886.374
886.865
886.14
885.58
885.82
885.29
885.59
885.725
885.56
885.6501
886.23
886.16
885.69
886.5472
886.62
886.97
886.635
886.37
886.02
886.17
886.2
886.17
886.67
886.45
886.84
886.72
886.56
886.38
886.21
885.57
884.628
884.31
883.9
884.9
885.21
885.909
885.23
885.775
886.12
885.97
886.43
886.93
888
887.5001
888.11
889.505
890.07
893.11
893.01
892.63
892.6456
890.22
890.205
889.565
887.71
887.13
886.214
887.839
887.88
887.5
888.52
888.57
887.43
887.18
885.51
885.3
885.54
886.47
886.86
886.41
887.47
887.24
887.44
888.15
888.015
887.28
886.32
887.01
886.97
885.96
886.4
886.315
886.28
886.05
884.27
885.29
884.621
885.68
885.122
885.09
885.9
885.56
885.364
885
885.5
885
882.3671
882.65
881.77
882.579
882.42
882.5
882.48
882.25
881.315
880.84
881.414
882.25
881.8
882
882.48
882.26
882.42
882.41
882.67
882.73
882.49
882.945
882.69
882.713
882.934
882.992
883.025
882.71
882.18
882.99
882.8328
883.035
883.075
883.32
884.3499
884.18
883.94
884.155
883.53
884.37
884.955
884.065
884.37
884.585
884.525
884.83
884.61
884.13
884.3
883.93
883.69
884.05
883.5
882.91
882.9
883
883
883.25
882.9
882.854
883.05
883.14
882.76
882.31
882.4
882.02
882.37
882
882.05
883.25
883.01
883.08
882.88
882.05
882.37
882
882.17
881.57
879.06
878.99
874.605
873.014
874.53
873.61
874.23
874.7
874.695
875.22
875.46
874.4
875.05
874.99
875.31
874.61
874.16
874.41
873.67
873.69
873.48
873.56
873.42
874.229
873.05
873.5
873.4
873.71
874.49
874.64
874.64
874.76
875.61
875.6
875.34
875.3
875.545
875.33
875.04
875.23
875.25
874.698
874.67
873.98
873.62
873.788
874.385
874.47
875
875.66
875.55
876.09
876.2365
875.94
876.37
875.96
875.94
874.75
874.79
873.75
873.8
873.02
872.9
873.16
873.4
874.45
874.33
874.98
876.73
876.86
876.4
876.5
875.14
874.38
874.475
874.965
875.25
875.44
876.21
875.4914
874.97
875.76
875.09
875.6
875.49
875.57
875.64
875.67
876.04
876.21
875.7
875.6
875.91
875.7
875.51
875.4
875.56
876.86
877.47
877.04
876.58
876.89
877.795
878.03
878.02
879.43
879.99
880
880.15
880.43
879.75
879.7
879.56
879.46
879.6806
879.83
879.46
878.51
878.85
879.592
879.84
878.96
878.97
879.25
878.8202
878.3
878.22
878.02
878.369
877.31
876.98
877.045
877.0501
878.4
878.77
879.13
878.64
878.889
878.38
878.6133
878.51
878.04
875.88
875.521
876.2
876.39
876.76
877.05
876.78
877.68
877.72
878.03
878.1
878.48
878.09
876.78
875.84
876.2434
875.87
875.38
876.17
876.34
876.48
877.67
878.24
877.385
876.72
876.3743
877
876.55
876.93
876.6843
876.75
876.71
876.5
876.67
876.5923
876.94
876.54
876.1
876.5
876.36
876.53
876.11
876.08
876.354
876.41
877.21
876.9358
876.47
876.16
876.11
876.04
875.75
875.08
875.07
874.98
875.31
875.71
876.72
876.12
875.6301
876.26
876.26
876.05
876.07
875.55
875.58
876.14
875.91
876.02
875.23
875.97
875.99
876.12
876.63
875.83
876.11
875.975
875.67
875.7253
875.51
875.792
875.42
876.71
876.27
876.41
876.41
875.95
875.72
876.07
877.33
877.1001
877.845
877.61
877.175
877.53
877.57
877.85
877.97
877.63
877.03
876.64
876.873
876.41
876.5
876.45
877.27
877.73
877.67
877.16
876.26
877.8775
876.05
875
876.03
875.61
877.45
875.49
874.89
875.215
874.925
874.5
874.29
873.165
873.46
873.09
872.83
871.9
870
871.02
871.36
871.31
871.87
873.36
873.655
873.9401
874.052
873.784
874.51
874.65
874.619
874.59
874.65
874.3
874.48
874.15
873.85
873.33
872.4
872.32
873.649
873.53
873.25
873.405
873.46
874.12
874.12
873.92
873.83
874.17
874.4098
874.33
874.06
873.91
873.56
873.35
872.86
873
873.319
873.34
873.5701
873.75
873.76
873.31
873.7
873.548
873.99
874
874.55
874.9
874.9
874.93
875.38
875.05
874.72
875.22
874.9175
874.67
874.75
874.75
874.85
874.9399
874.69
874.07
874.152
874.41
874.539
874.1901
873.9
873.51
873.19
873.2425
873.3896
873.35
873.535
873.385
873.26
873.246
872.6
872.4
872.78
873.16
872.98
872.49
872.2
872.77
873.09
873.2
872.77
872.72
872.59
872.51
872.81
872.8
872.76
872.8
872.63
872.64
872.7099
872.725
873.16
872.956
873.07
872.53
872.52
872.775
872.89
872.64
872.66
872.54
872.2435
871.92
872.5054
872.63
872.55
872.63
872.49
872.51
872.48
872.62
872.63
872.48
872.5
872.4335
872.65
872.63
871.42
872.43
872.25
871.97
872.05
871.87
871.85
872
872.37
872.24
872.4
872.465
872.54
872.67
872.94
872.92
873.01
872.99
872.821
873
873
873.42
873.25
873.25
873.609
873.54
873.63
873.5
873.61
873.7313
873.73
873.75
873.55
873.89
874.165
874.31
874.18
874.05
874.02
873.98
874.06
874.13
874.03
874.04
874.02
873.84
873.68
874.41
874.245
874.425
874.275
874.34
874.17
873.952
873.955
873.98
873.81
873.82
873.55
873.43
873.7
873.7
873.68
873.81
873.7
873.63
873.67
873.75
873.74
873.81
873.87
873.95
873.845
874
873.99
873.91
873.955
873.9
874.08
873.752
873.845
873.65
873.788
874.02
873.71
873.84
873.85
873.75
873.78
873.91
873.67
873.925
873.93
873.99
874.03
874.1
874.155
874.1
874.125
874.2
874.15
874.17
874.08
874.17
874.12
873.61
873.29
873.17
873.28
873.75
873.4897
873.42
873.38
873.405
873.57
873.84
873.585
873.41
873.4
873.27
873.08
873.17
873.28
873.31
873.42
873.3
873.15
872.942
872.928
873.07
873.075
872.8001
872.94
872.92
873.11
873.11
873.06
873
873.13
873
872.84
873.08
872.8
872.88
872.35
872.31
872.52
872.645
872.78
872.5556
872.84
872.7
872.95
873.02
873.08
872.75
872.48
872.5
872.37
872.3217
872.31
872.2888
872.15
872
872.08
871.9
871.98
872.04
872.07
871.9
871.845
872.425
872.745
872.91
873.13
873.155
873.37
872.89
873.1
873.07
872.793
872.74
872.83
872.84
873.04
873.135
873.45
873.56
873.52
873.67
873.48
873.53
873.85
873.54
873.22
873.28
872.884
872.8
872.75
872.69
873.18
872.672
872.84
872.576
872.6
872.494
872.5102
872.785
873
872.97
872.9
872.9
872.75
872.96
872.96
872.89
872.99
872.64
872.9
873
873.21
873.03
872.7475
872.6
872.59
872.82
873.19
873.19
873.31
873.66
873.4
873.13
872.96
872.57
872.26
872.47
872.16
872.18
872.22
867.45
867
866.54
867.129
866.66
866.67
867.63
867.945
866.45
867.13
867.41
866.81
867
867.41
867.63
867.535
868.04
868.75
869.63
870.07
870.1199
871
870.79
870.05
868.751
868.53
869.03
868.18
867.5101
867.92
867.7
868
868.04
868.2104
868.385
868.32
868.77
869.4322
869.915
870.48
870.5
871.09
870.6835
870.03
870.515
871.856
871.7925
871.99
870.751
871.49
871.682
872.16
872.8
872.48
872.71
872.56
872.63
872.36
872.33
872.13
871.881
871.99
872.43
872.97
872.14
872.14
872.35
872.28
871.538
871.5
870.65
870.6
870.9632
870.56
870.44
870.42
870.435
870.7
870.5
870.99
870.62
870.9699
870.782
870.79
870.49
870.77
871.06
869.83
869.72
869.62
869.67
869.66
869.6696
868.38
868.35
868.45
869
868.955
869.0486
869.41
868.93
868.61
868.78
868.93
868.5201
868.68
868.43
867.88
868.31
868.09
867.9
867.24
866.99
867.958
867.755
867.94
867.99
867.88
867.9165
867.5
867.99
867.041
867.288
867
867.195
867.77
867.501
867.3
866.81
866.78
866.71
866.842
866.96
866.74
866.68
866.99
867
866.79
866.82
866.6
866.74
866.7504
866.9
866.7775
866.664
866.6708
866.7
866.53
866.37
866.17
865.85
865.8
866.18
866.55
866.7773
866.93
866.78
866.51
866.8
866.87
866.4365
866.72
866.51
866.39
866.53
866.4
866.638
866.61
866.15
866.26
865.89
866.04
866.02
865.75
865.5
865.46
865.16
864.55
864.368
865.33
865.3999
865.078
864.944
865.14
865.04
865.14
864.35
864.56
865.07
865.04
865.01
865.51
865.91
866.14
866.2
866.03
866.299
866.37
866.625
866.66
866.62
866.61
866.63
865.77
865.46
865.76
866.559
866.13
866
865.6
865.534
865.308
866.32
866.39
866.92
866.79
866.45
867.01
867.1
867.71
867.78
867.35
867.36
867.279
867.3
867.03
867.04
867.16
866.83
866.95
867.05
867.77
867.692
867.6
867.95
867.82
868.06
867.66
867.49
867.36
867.74
867.48
867.3
867.23
867.18
867.5
867.71
867.79
867.83
867.86
867.63
867.84
867.4335
867.43
867.64
867.8
868.05
867.9
868
868.33
868.96
868.47
868.38
867.65
867.6
867.47
866.71
867.01
867.12
867.4
866.84
867.83
867.42
866.9
866.85
867.38
867.26
867.26
867.48
867.61
867.36
867.25
867.302
867.6
867.2773
867.31
867.22
866.52
867.06
867.4443
867.19
867.112
867.18
867.25
867.284
867.64
867.87
867.67
867.51
867.5
867.445
867.16
867
866.75
866.535
867.115
867.17
867.24
867.29
867.43
867.61
866.89
866.7
866.902
867.27
867.605
867.3996
867.23
867.5
867.54
867.55
867.3299
867.2
867.58
867.49
867.21
867.32
867.53
867.31
867.5
867.4116
867.51
867.305
867.62
867.555
867.88
867.67
867.73
867.675
867.45
866.77
866.75
866.35
866.26
865.75
865.81
865.96
865.7
865.6769
865.85
866.21
866
866.19
866.13
866.13
865.63
865.88
865.77
865.58
865.46
865.08
865.19
865.91
865.985
865.74
865.885
864.92
865.25
867.61
867.59
866.705
866.14
865.85
865.23
865.55
865.31
866.175
866.76
866.519
865.32
865.05
864.565
865.17
865.8
865.23
865.34
864.32
864.26
864.11
863.91
863.652
863.65
863.5188
863.96
864.5588
864.3
864.34
863.63
863.29
863.5
863
862.33
861.388
861.49
861.6
862.7
862.611
862.1
862.826
862.07
862.14
861.965
861.84
861.02
860.81
862.22
861.96
861.35
861.43
860.7577
861.2925
860.89
860.78
860.96
860.6155
861.915
861.6
861.1599
861.8
862.04
861.81
861.996
861.16
861.27
861.66
861.305
861.27
860.89
861.3444
861.56
861.25
860.65
860.5
860.35
860.57
860.75
860.73
860.56
860.2
860.3
860.11
859.86
859.88
859.7552
860.05
860.2
860.49
859.62
859.317
858.805
858.71
856.29
855.53
856.44
857.01
857.09
856.99
856.96
855.11
855.03
856.078
855.59
855.24
854.36
854.25
853.914
854.975
855.309
855.67
855.778
855.85
855.65
855.6798
856.14
856.84
856.72
856.4
856.41
856.61
856.82
857.045
857.75
858.675
857.43
857.825
857.8801
857.5
857.07
856.56
856.5
856.4
856.06
855.74
855.2601
856.34
855.6
855.7999
855.8999
855.55
855.3
855.469
856.015
855.5
855.39
856.09
855.5
856.22
855.12
855.47
855.28
855.66
855.57
856.06
856.165
856.92
856.86
857.165
857.988
858.19
858.1445
858.4099
857.32
856.73
857.02
856.8825
857.735
857.1
856.53
857
856.7399
857.53
856.95
856.45
856.58
856.4
855.869
855.58
855.435
855.385
855
855
855.01
855.11
855.835
855.74
855.46
855.39
856.09
855.8
856.65
856.5
855.51
855.29
855.19
854.66
855.44
855.3
855.76
855.79
855.51
855.2905
855.55
855.4371
855.87
856.14
856.44
856.2
855.94
857.0396
856.45
856.25
856.42
855.54
855.65
855.52
855.58
855.79
855.89
855.63
856.36
855.8
855.4
855.94
855.75
855.67
855.2
855.275
855.01
855.02
855.44
854.94
855.11
855.5
855.79
855.99
855.93
855.5501
855.6
854.85
854.1758
854.5
854.3555
854.45
854.7417
854.74
854.81
854.72
855.45
854.69
855.29
855.9
855.4
855.88
855.7038
855.22
855.29
855.09
854.64
854.87
854.77
855.285
855.36
855.2055
855.425
854.5487
854.4
854.7
854.61
854.418
854.07
853.44
854.28
854.29
854.02
853.79
853.655
853.865
853.66
854.23
853.59
852.81
853.01
852.89
852.69
852.9945
853
852.96
852.9
853.12
852.792
852.73
852.735
852.86
853.26
852.98
853.5
852.89
852.86
853.65
853.29
853.29
852.71
853.605
853.71
854.18
855.17
854.48
855.48
854.936
854.52
854.85
854.82
854.91
854.63
854.74
854.99
853.76
853.8201
853.86
854.34
854.74
854.65
854
853.88
853.88
853.579
853.24
852.72
853.55
853.54
853.56
853.3
854.11
853.34
853.425
853.64
853.23
853.1399
853.787
853.4115
853.975
853.73
853.68
854.9
854.56
854.29
854.44
854.645
853.955
853.97
853.17
853.44
853.17
852.98
852.16
852.11
852.31
852.95
853.1255
853.3
854.03
853.73
854.26
854.76
854.94
855.125
855.31
855.2
855.41
855.27
855.83
856.26
856.72
855.97
854.84
855.12
855.081
854.73
854.98
855.66
855.568
855.71
855.54
855.5528
855.65
855.32
855.41
854.16
853.33
853.465
854.08
854.2
853.82
854.16
853.51
853.74
853.675
852.93
853.08
853.98
856.28
856.385
855.96
855.97
854.95
854.4
853.64
852.09
852.76
852.63
852.5
852.5
852.41
852.47
852.165
852.33
851.93
848.01
848.65
848.575
848.489
847.52
846.1494
846.23
846.12
845.12
844.61
843.33
844.44
844.989
846.29
845.52
845.47
845.11
845.4325
845.53
845.5
844.631
845.13
845.7403
845.6425
845.59
845.07
845.43
845.69
845.985
845.79
846.02
846.6
847.55
847.45
847
846.81
848.385
849.476
850.41
850.95
851.1599
851.1
851.66
851.09
851.08
851
851.93
851.875
851.42
850.5801
850.34
850.65
850.91
851.02
851.5945
852.94
853.54
853.75
854.4
853.79
851.87
851.8999
852.59
852.48
853.12
852.48
852.42
850.45
850.598
850.88
850.775
849.84
850.441
850.44
850.52
850.29
849.92
850.215
849.43
849.34
849.055
848.68
848.25
848.34
848.11
848.135
847.545
847.33
847.5
848.02
846.285
846.21
846
845.44
846.5
846.61
846.54
846.36
847.65
846.95
846.65
847.03
847.18
847.59
848.14
848.789
848.0279
848.1813
848.56
848.956
848.16
847.88
848.11
847.77
847.01
847.06
848.18
848.42
848.9
848.54
848.18
848.22
847.76
847.58
848.39
847.74
847.89
847.89
847.905
847.67
846.36
846.925
847.06
847.78
847.92
847.36
847.38
846.595
846.31
846.05
846.79
846.51
846.97
847.5
847.499
847.5
847.449
847.4845
847.32
847.93
848.18
847.57
847.59
847.99
847.66
847.8
846.94
847.08
847.09
848.1745
847.13
847.01
847.716
847.37
848.0368
848.1
848.15
849
848.69
848.86
849.2
849.38
849.42
849.03
847.9557
847.78
848.77
847.91
847.97
847.82
847.6
847.78
847.33
847.08
846.892
847.022
847.84
848.0504
847.87
847.48
847.848
847.57
848.31
849.06
849.47
849.42
848.89
849.18
849
848.71
849.38
849.18
849.086
849.42
850.37
850.7599
851.83
851.828
852.238
852.8
852.46
853.1
852.518
852.32
852.6057
852.84
852.68
852.9468
852.84
853.89
853.31
853.25
853.27
853.01
852.556
852.179
851.84
852.07
851.67
851.91
852
851.97
851.891
851.99
852.85
853.21
852.84
853.54
853.035
853.01
853
853.32
853.09
853.09
853.37
853.95
853.94
853.53
852.89
853.21
853.885
853.72
852.79
853.225
852.25
852.93
853.97
853.41
853.845
854.2
853.53
853.93
852.4
852.18
851.7
851.53
852.025
852.384
851.87
850.79
851.68
851.42
852.55
852.225
852.79
852.64
853.2997
853.574
854
853.865
854.1
853.835
854.448
855.22
855.02
855.1888
854.86
854.15
854.92
854.61
853.92
855.43
855.21
855.43
855.06
855
855.24
854.87
854.958
854.9425
855.2
854.96
854.63
854.41
855.0835
855.05
855
855.49
856.97
856.86
857.4
857.61
857.01
857.086
857.105
857.07
857.63
856.38
856.365
855.33
855.83
856.05
856.08
856.39
856.44
856.855
856.46
856.573
856.655
856.43
856.33
856.62
856.3013
856.85
856.261
856.5
856.295
856.88
856.49
856.35
855.76
855.85
856.47
856.73
857.15
858.24
860.84
860.77
860.53
860.24
860.528
859.7885
860
860.15
860.15
860.63
860.37
858.84
858.865
857.49
857.04
856.33
857.5
856.73
855.34
855.23
855.72
855.78
855.89
856.31
856.83
863.84
863.9699
865.03
865.635
863.19
863.04
861.94
861.9545
862.3292
862.91
862.6
862.5
862.46
863.09
864.2
864.29
864.11
862.6601
863.83
862.93
862.48
861.53
862.85
863.12
863.96
863.81
863.41
864.09
864.45
863.81
863.799
863.735
862.96
862.035
861.47
861.88
862.35
861.53
860.7
861.245
861.36
861.4
861.23
860.99
860.314
860.92
861.11
860.43
860.3501
860.97
861.195
861.02
861.32
861.3
862.1
862.89
862.32
861.825
862.26
862.84
862.72
863.03
861.76
862.56
862.05
862.167
862.14
863.15
863.0379
863.23
863.51
863.3
863.61
864.199
864.22
864.17
864.23
864.2
864.657
863.93
863.88
863.524
863.65
863.6713
863.27
863.32
862.3801
862.03
862.23
862.37
862.51
862.58
862.44
862.27
861.921
861.52
861.795
861.94
861.66
861.14
861.83
862.19
862.3455
862.35
862.69
863.23
863.02
863.304
863.3189
863
863.57
862.62
863.35
863.03
863.5633
862.84
862.55
862.91
862.34
862.87
863.2199
863.86
863.46
863.31
863.98
864
864.45
864.15
864.47
864.34
864.9
864.69
864.83
864.53
864.36
864.57
865.24
865.24
865.68
865.7
865.17
865.18
865.95
866.1
865.62
865.99
866.36
866.16
866.57
866.19
866.521
866.385
866.95
866.88
866.82
867.16
867.49
867.18
867.48
867.58
867.6
867.28
867.17
867.16
866.8889
867
867.215
867.12
867.28
867.16
867.57
867.23
867.37
867.835
867.67
867.03
866.76
867.07
867.2
867.445
867.42
867.5
867.455
867.56
867.76
867.73
867.79
867.61
867.9771
867.6
867.21
867.3999
866.18
866.54
866.89
867.18
867.2976
867.22
866.56
865.94
866.41
866.44
866.5
866.84
866.59
866.63
866.63
866.85
867.05
866.78
866.67
866.13
866.5
866.591
866.7
866.55
866.82
866.88
866.61
866.58
866.7
867.08
867.27
867.28
867.19
867.23
867.27
866.84
866.55
866.566
866.6
866.7001
866.78
866.64
866.93
866.8969
866.658
866.82
866.83
866.9
866.86
866.98
866.98
867.37
867.2745
867.18
867.18
867.1433
866.79
867.15
867.4
867.4
867.48
867.55
867.38
867.46
867.7
867.54
867.5
867.44
867.085
867.24
867
867.25
867.125
867.02
867.05
866.99
866.69
866.79
866.98
866.64
866.36
866.2
866.506
866.26
866.235
865.64
865.65
865.59
865.0001
865.3
865.28
865.45
865.46
864.915
865.09
864.8
864.8
864.67
865.415
865.5
865.34
865.29
865.59
865.61
866.19
865.83
865.14
865.052
865.11
865.5
865.62
865.441
865.98
865.871
865.8
866.11
866.11
866.25
865.962
866.17
866.5
866.11
866.11
866.24
865.895
866.5
866.5
866.27
865.72
865.91
865.91
866.2275
866.56
866.43
866.41
866.54
866.425
866.44
866.21
866.49
866.74
867.23
867.325
867.5
866.99
867.42
867.78
867.18
867.61
867.8
868.24
868.4
868.61
867.7784
868.02
868.16
867.98
867.83
867.75
867.57
867.51
868.2499
868.06
868.05
867.61
867.91
867.81
867.9
867.11
868.162
867.62
867.15
867.34
867.68
867.22
867.554
866.872
866.7225
866.92
867.4299
867.34
867.03
866.83
867.47
866.89
866.18
866
866.52
866.77
866.57
866.97
867.55
867.6074
867.76
866.7
867.04
867.61
866.03
866.87
865.67
865.79
865.75
865.995
866.17
865.9994
868.12
867.8
867.55
867.53
868.62
868.57
869.17
869.9
869.96
870.18
870.25
869.42
869.36
869.54
869.3
869.38
869.865
869.65
869.93
870.18
871.03
871.634
871.5212
873.06
872.465
872.7863
872.37
872.07
872.19
872
872.13
871.88
871.99
871.61
871.25
871.675
871.68
871.77
872.386
872.31
871.9129
871.75
871.95
871.56
871.04
871.69
871.93
872.25
871.65
871.99
872.185
872.03
872.19
872.0231
871.99
871.98
872
872.01
871.94
871.66
871.67
871.9915
871.28
870.89
871.07
871.11
871.265
871.06
870.94
870.96
871.21
870.98
870.82
870.23
870.045
870
869.8555
869.89
870.26
870.42
870.5
871.31
871.155
870.961
870.89
871
871.09
871.3
870.9
871.025
871.35
871.09
871.32
871.04
871.44
871.54
871.46
871.8
871.51
871.66
871.335
870.985
871.14
871.23
870.975
871.2645
870.98
871.18
870.99
871.125
870.83
870.83
870.42
870.89
870.94
871.29
871.5
871.74
871.59
871.82
871.89
871.765
871.858
871.942
871.915
872.08
871.51
871.46
871.415
871.48
871.81
871.98
871.7577
871.65
871.58
871.595
871.96
872.18
872.17
871.95
871.81
871.92
871.905
872.13
872.34
872.45
872.07
872.01
872.09
871.91
872.08
872.27
871.98
871.66
871.37
871.19
871.27
871.37
871.49
871.4
871.39
871.77
871.77
871.66
871.73
871.31
870.88
870.98
871.045
871.13
870.91
870.74
870.93
871.09
871.1
870.87
870.94
870.91
870.75
870.67
871.12
871.2
871.27
871.4814
871.45
871.29
871.34
871.36
871.08
870.87
871.05
871.143
871.2
871.2738
871.26
871.255
871.42
871.19
871.27
871.37
871.39
871.37
871.07
870.92
871.08
871.1
871.115
871.1901
871.3322
871.46
871.27
871.18
871.45
871.4
871.25
871.21
871.04
871
870.77
870.8645
870.82
871.09
871.09
870.99
871
870.8306
870.99
871.02
870.88
870.95
870.74
871.15
871.0372
871.3445
871.15
871.01
870.94
871.06
871.362
871.51
871.59
871.48
871.47
871.47
871.25
871.24
871.33
871.56
871.42
871.34
871.41
871.22
870.96
871.21
871.02
871.114
870.88
870.84
870.95
871.35
871.47
871.46
871.59
871.95
871.845
871.835
871.928
871.75
871.67
871.55
871.46
871.35
871.43
871.42
871.5
871.68
871.525
871.49
871.38
871.43
871.555
871.54
871.58
871.4
871.7
871.7
871.42
871.1
871.1352
871.211
871.29
871.2
871.38
871.42
871.21
871.31
871.05
871.27
871.03
870.88
870.7
870.538
870.43
870.44
870.58
870.7
870.85
870.91
870.97
870.87
870.8455
870.86
870.81
870.78
870.92
870.71
870.83
870.71
870.84
871.08
870.95
870.77
870.392
870.36
870.2
870.62
870.91
870.86
870.75
870.89
871.02
870.93
870.81
870.57
870.68
870.01
870.09
869.74
870
869.79
869.7
869.9055
870.19
870.0955
869.84
869.98
870.12
870.74
870.79
870.9
871.19
870.9622
870.825
870.64
870.63
870.8
870.86
870.56
870.8
870.57
871.172
871.22
871.16
871.03
871.12
870.91
871.09
870.56
870.71
870.93
870.66
870.94
871.18
871.29
871.21
871.24
871.47
871.02
871.51
866.66
866.08
866.73
867.09
868.88
866.5401
866.77
866.44
866.76
866.59
868.34
868.9
868.98
868.71
868.57
868.64
868.88
869.154
868.899
867.74
867.98
868.015
867.635
868.66
868.84
869.72
869.65
870.24
870.5
870.4
870.81
871.86
872.3
872.52
871.9845
870.78
870.31
869.615
869.9699
870.47
870.9
870.65
870.05
870.26
870.78
870.66
870.35
870.76
870.59
870.2
870.52
870.465
870.14
870.42
870.17
870.17
870.45
870.02
870.19
870
869.91
870.21
870
870.14
869.88
869.79
870.23
870.15
870.23
870
869.52
869.78
870.03
869.65
869.49
869.5702
869.355
869.2
869.3
869.37
869.43
869.08
868.65
869.019
868.5
867.75
868.05
868.42
868.0279
868.36
868.14
867.94
868.3
868.58
868
867.7
867.7
867.78
867.85
867.26
867.396
867.466
867.53
867.36
867.35
867.69
868
867.94
867.82
867.67
867.7
867.7
867.72
867.66
867.505
868.15
868.068
868.2999
868.3
868.66
868.49
868.832
868.88
868.92
868.42
868.92
869
869.06
869.16
869
869.2455
869.74
869.75
869.52
869.645
869.7999
870.44
870.75
870.765
871.2299
871.01
871.5
871.12
871.17
871.45
872.03
872.25
872.57
872.79
872.95
873.31
873.015
873.45
873.355
872.96
872.76
872.36
872.55
872.77
872.58
872.56
872.53
872.348
872.505
871.852
872.13
872.01
872.28
872.91
872.848
872.67
872.48
872.25
871.87
871.53
872.1245
872.056
872.4
872.75
872.75
872.91
872.99
872.07
872.06
872.33
872.565
872.51
872.49
872.67
872.76
872.9
873.1
873.44
873.56
873.55
873.65
873.73
873.96
873.7
873.7275
873.49
873.91
873.9101
874.1
874.19
874.509
874.55
874.86
874.65
874.49
874.2
874.13
874.5
874.5
874.49
874.0301
874.408
874.79
874.535
874.81
875.01
875.35
875.125
875.17
875.26
875.16
875.4
875.24
875.34
875.21
875.05
875.09
875.09
875.08
875.08
875.43
875.47
875.215
875.06
875.32
875.51
875.63
875.58
875.48
875.49
875.55
875.378
875.58
875.5401
875.59
875.68
875.37
875.23
874.96
875.001
875.05
874.92
874.8
874.87
874.9
874.94
875.07
875.16
875.496
875.58
875.39
875.5
875.6799
875.45
875.61
875.9
875.99
875.63
875.6499
874.8
875.44
875.08
875.045
875.25
875.27
875.1
875.45
875.65
875.7
876
875.8
875.7
875.13
875.08
874.8901
875.04
874.855
875.08
874.89
875.22
875.19
875.24
875.36
875.18
875.25
875.26
875.26
875.3
875.19
874.99
874.63
873.97
873.5
873.45
874.34
874.49
874.78
875.3
875.2
875.04
874.61
874.315
874.48
874.415
874.27
874.57
874.5
874.67
874.44
874.47
874.595
874.33
874.84
875.03
875.05
874.72
874.87
874.92
875.55
875.42
875.65
875.48
875.91
875.7
875.67
875.07
875.11
875.28
874.9899
874.41
874.4
874.187
874.4599
874.1
874.3
873.9
874.2
874.3
874.191
874.55
875.02
874.57
874.64
874.5
874.43
874.36
874.04
874.44
873.96
874.49
873.94
874.22
874.6
874.96
874.51
874.26
874.05
873.8
874.15
874.14
874.22
874.12
873.86
874.169
874.49
874.47
875.49
874.95
876.11
875.76
875.11
877.46
876.22
876.295
875.793
875.7
875.06
875.36
876.746
875.56
875.2
874.9399
874.49
874.4
874.451
876.05
876.01
876.74
876.26
877.71
877.7
878.4
878.73
878.564
878.01
877.73
877.35
878.05
878.48
878.15
878.5
878.307
878.49
879.45
879.141
879.38
879.585
879.52
880.701
880.4
880.33
880.82
880.91
880.67
880.975
880.8
880.9291
881.24
880.9
881.04
881.25
881.02
881.38
880.67
881.22
880.9
880.98
880.79
881.69
881.67
881.37
881.85
881.96
882
881.633
881.51
881.48
881.28
881.54
881.17
880.999
881
879.66
878.88
879.39
879.67
879.51
880.22
880.0171
880.57
880.32
879.99
879.82
879.6098
879.62
879.49
879.07
879.47
879.63
879.91
879.99
879.92
879.39
879.75
879.8
879.23
879.38
879.97
879.42
878.91
879
878.75
879.24
879.536
879.86
879.07
879.676
879.74
880.45
880.54
880.8
881.89
882.05
881.6501
882.05
882.12
882.4787
882.53
882.155
881.68
881.56
881.9
882.47
882.482
882.18
881.63
881.92
881.43
881.482
881.3655
882
882
882.17
882.8
882.7
882.39
882.673
881.87
881.82
881.81
881.81
882.42
882.53
883.06
883.55
883.18
882.86
882.58
882.76
882.0006
882.05
882.34
882.01
881.8
882.74
882.3
882.43
883
883.39
883.639
883.75
883.96
884.11
883.62
883.48
882.92
882.56
882.24
882.22
882.15
882.4101
882.5
882.46
882.97
883.11
883.59
883.7
883.6
883.96
883.45
883.29
883.49
882.86
882.89
883.62
884.72
883.82
883.57
883.64
883.35
882.56
882.57
883.26
883.05
883.95
883.77
883.47
883.4585
884.12
883.93
883.6
883.6
883.59
883.94
883.08
883.37
883.1875
883.1299
883.3
882.98
883.1345
882.34
882.77
882.61
882.46
882.11
881.83
882.14
882.27
882.72
882.69
882.28
882.6
882.91
883.4
883.49
883.41
883.5
883.22
882.97
882.652
882.46
882.76
883.01
883.05
883.09
883.19
883
882.044
881.92
881.44
882.1443
882.55
882.8
882.8
882
881.69
881.81
881.96
881.848
881.12
881.36
881.0501
881.55
881.5
881.4085
881.98
882.02
882.63
881.85
881.5
882.86
882.97
882.58
882.4288
881.8701
882.4
882.84
883.16
883.09
883.36
883.44
883.47
882.6101
882.75
882.12
881.3
881.625
881.94
881.5
881.925
881.58
881.44
881.65
882.5
882.4
881.98
881.89
881.72
882.17
881.87
881.98
879.62
880.75
881.51
881.51
881.205
880.69
881.29
881.555
880.96
881.89
881.09
880.89
881.09
880.69
881.03
881.7
881.47
881.59
882.18
882.98
882.9
882.39
880.86
882.07
881.27
881.31
881.61
882.64
882.37
882.36
883.01
882.84
882.95
882.78
882.88
883.7899
883.09
882.71
882.94
882.21
883.13
883.71
884.73
885.5
884.76
884.85
884.69
884.0101
884.295
883.87
883.34
883.4001
883.56
883.82
883.59
883.55
883.4
883.201
883.53
883.42
883.11
883.46
883.3
883.15
883.36
882.5
882.79
882.27
882.78
882.22
882.45
882.62
882.93
882.38
882.35
881.91
882.35
881.66
881.7099
881.0425
882.1
881.91
882.4
882.24
881.31
881.58
881.13
881.48
881.715
882.11
882.01
882.2
882.6399
882
885.87
885.74
884.54
885
884.53
884.53
884.88
885.41
886.05
886.66
885.77
886
885
885.011
885.6
885.3
885.5
884.56
884.5675
885.54
885.83
885.22
886.4
887.4578
887.07
888.2
888.3
889.56
889.734
890.29
889.88
890.753
891.31
891.66
891.02
891.4999
891.73
891.48
891.14
891.47
892.28
891.34
891.78
891.92
891.45
891.87
892.06
891.959
891.28
891.57
891.2032
891.09
891.11
891.44
891.305
891.2
891.49
891.15
891.106
891.04
891.5
891.04
891.5
891.485
891.66
891.94
892.47
892
892.24
892.24
892.04
891.86
891.722
891.751
891.7
891.14
891.355
891.5
891.4
891.72
891.9668
891.87
891.79
892.45
892
892.38
892.02
892.12
891.98
892.03
892.75
893.482
893.445
893.64
893.25
893.51
893.74
893.84
894.29
893.95
894.02
893.7
893.97
893.67
894.08
894.29
894.37
894.01
894.12
894.56
894.42
894.1655
894.25
894.24
894.528
894.91
894.87
894.95
894.68
894.5
894.35
894.42
895.34
895.531
895.722
895.47
895.12
895.19
894.98
895.09
895.0001
895.235
895.2
895.21
894.78
895.11
895.288
895.4899
895.5
895.22
895.3
895.07
894.7623
894.59
894.9
894.621
894.77
894.88
895.11
895.4299
895.37
894.94
894.79
894.67
894.87
894.6801
894.834
895.02
895.19
895.17
895.31
895.54
895.63
895.27
895.2
895.28
895.504
895.47
895.18
895.649
895.52
895.24
894.93
894.886
895.14
895.25
895.51
895.69
895.51
895.91
895.72
895.64
895.8499
895.7999
895.32
895.4599
895.92
895.81
895.68
895.48
895.61
896.14
895.87
895.9
895.895
895.72
895.83
896.06
895.865
895.65
895.94
895.89
895.68
895.925
895.68
895.91
895.818
895.9
895.91
896
895.97
896.04
896.15
896.06
896.25
895.97
896.22
896.28
896.2
896.1399
896.0037
895.885
895.88
896
895.8204
895.6
895.93
895.935
895.95
896.2
896.15
896.3
896.2
896.12
896.19
896
895.93
896.146
896.28
896.24
896.39
896.53
896.42
896.15
896.165
896.35
896.34
896.51
896.36
896.39
896.5
896.75
896.84
896.84
896.88
896.69
896.57
896.68
896.68
896.665
896.51
896.44
896.628
896.87
896.65
896.735
896.4655
896.4
896.35
896.36
896.39
896.35
896.215
896.47
896.795
896.74
896.5201
896.541
896.6
896.49
896.17
896.4
896.44
896.66
896.38
896.59
896.45
896.1
896.13
896.3
896.27
896.39
896.1
895.84
896.15
896.33
896.47
896.39
896.479
896.28
896.08
895.2
894.75
895.43
894.9
894.41
894.8003
894.562
894.88
894.61
894.4
894.22
894.35
894.77
894.97
895.465
895.17
895.01
895.41
895.22
895.73
896.05
896.05
896.185
896.14
896
896.15
896.171
895.8017
896.141
896.28
896.14
895.6
895.57
895.5975
894.915
895.2601
895.32
895.4
895.5644
895.12
895.09
895.48
895.58
895.88
895.95
896.15
896.222
896.12
896.0301
896.15
896.06
896.28
896.17
895.93
896.26
895.884
895.9
895.94
895.96
895.74
895.545
895.1201
895.025
895.05
895.04
895.31
896
895.88
896.11
896.15
896.02
895.9
895.9
896.0003
896.11
896.07
895.74
895.82
895.816
895.8
895.62
896.1799
896.15
896.12
895.8
896.17
895.57
897.38
898
898
898.029
892.99
892.675
893.615
892.48
891.07
891.42
892.42
892.61
892.985
894.3
894.2596
893.91
894.126
894.15
894.25
894.275
894.56
894.55
894.75
894.84
894.175
894.32
894.025
894.05
893.1
892.68
892.565
892.94
892.17
893.044
892.42
892.84
892.31
892.06
892.43
893.3
893.36
893.03
892.175
891.77
892
892.058
892.24
891.89
891.7
891.915
891.81
892.15
892.332
892
892.335
892.33
892.11
892.427
891.9
891.67
891.771
891.93
892.17
892.0901
891.71
891.5
891.25
890.45
890.62
890.73
890.995
890.66
890.4
890.12
890.05
890.433
890.61
891.33
891.02
890.678
890.49
890.185
890.35
889.5
888.75
888.895
889
888.29
888.4
889.126
889.37
888.93
888.285
888.44
888.1
887.3
887.7201
887.63
888.14
888.1499
888.23
887.75
887.83
888.19
888.6
888.515
888.775
888.11
889.2
888.44
889.1
888.675
889.2
889.46
889.719
889.7478
889.57
889.74
889.99
889.96
889.875
889.95
890.37
890.43
890.44
891.08
891.26
891.165
891.42
891.5345
891.48
891.42
889.69
890.561
891.169
891.12
891.31
891.779
891.96
892.853
892.22
892.08
892.14
892.5
892.43
892.5113
892.37
892.499
892.36
892.654
892.62
892.64
893.07
892.95
892.61
892.4001
892.8199
892.56
892.67
892.984
892.99
893.06
893.5
893.58
893.281
893.38
893.1
893.74
893.84
893.62
893.99
894.46
894.7
895.2845
896.26
895.77
895.64
895.33
895.51
895.35
894.872
894.856
894.5
894.27
894.298
894.6
894.48
894.37
893.852
893.63
893.33
893.26
893.25
893.15
893.01
892.826
892.36
892.396
892.12
892.42
892.76
892.9001
893.01
893.179
892.81
892.825
893.02
893.3075
893.28
893.215
893.09
893.17
893.395
893.25
893.08
893.16
893.01
893.282
893.28
893.07
893.07
893.216
893.514
893.555
893.5
893.625
893.41
893.5399
893.3
893.25
893.22
890.38
889.49
890.71
891.36
891.845
892.15
892.08
892
890.3
890.5
890.32
889.34
889.57
889.96
889.32
889.07
888.8599
888.58
888.33
888.3
888.11
887.86
888.317
889.218
889.0999
889.05
888.25
888.09
888.04
887.68
887.64
888.29
888.0755
888.25
888.05
888.1435
888.12
889.1
889.19
888.98
888.5
888.35
888.21
888.23
888.24
887.405
887.37
887.4901
887.58
887.53
887.35
887.37
887.54
887.408
887.37
887.5
887.72
887.6
887.33
887.33
887.33
886.52
887.2
887.14
886.85
886.92
887.88
888.16
888.16
887.86
887.669
887.09
886.98
886.77
886.94
887.3052
887.6
887.31
887.34
887.323
887.47
887.74
887.887
887.98
887.74
887.9999
888.0099
888.18
888.31
888.08
888.115
887.81
887.98
888.28
888.46
888.43
887.89
887.98
887.98
887.74
888.03
888.4496
888.43
888.471
888.4
888.535
888.51
888.46
888.62
888.69
888.83
888.7
888.4
887.84
887.84
887.665
887.96
887.52
887.8592
888.476
888.376
888.42
888.57
888.04
888
887.95
888.135
887.83
887.37
887.83
887.81
887.64
887.26
887.46
887.14
887.03
886.66
886.04
886.27
886.762
887.77
887.5625
887.074
886.7
886.4
886.82
887.198
888
887.87
888.19
887.7901
888.11
888.11
888.63
888.74
889.206
888.64
888.12
887.81
887.89
887.7
887.44
888.97
889.8
888.794
976.58
976.26
979.8
981.22
979.695
979.71
980.004
979.026
979.5
979.58
980.0155
979.58
979.81
980.34
980.85
979.99
980.2
979.07
979
979.22
979.13
980.95
981.13
982.6169
983.66
984.2401
986.6
989.05
992.21
997.011
996.89
995.32
997.02
996.9899
999.03
999.19
999.87
1001.61
1003.7099
1005.57
1004.2
1006.5
1005.57
1004.735
1004.42
1003.58
1002.39
1000.651
1000.66
999
998.286
999.44
1001.6915
1000.26
1002
1002.67
1002.8612
1001.205
1002.12
1002.416
1004.13
1003.26
1003.73
1002.32
1001.51
1001.63
1000.68
1000.66
1001.27
999.89
999.25
998.91
1001.2
999.85
1000.188
1000.24
1000.125
1000.525
1000.16
1000.96
1002.75
1001.79
1002.14
1002.01
1002.42
1001.76
1001.88
1001.38
1001.57
1001.23
1000.07
1000.63
1000.19
1000
999.9
1000.5025
1000.32
1000.7901
1000.85
999.69
999.632
1000.24
1000.82
1000.669
999.99
1000
1000.31
999.94
999.73
999
998.8
999.5
998.97
998.56
996.94
996.12
996.85
997.11
997.08
997.41
997.18
997.4499
997.95
998.27
997.87
997.83
998.24
998.179
998.685
998.08
997.448
997.79
997.9
997.508
997.78
997.68
997.59
998.282
998.02
997.85
997.5
997.04
996.281
997.25
997.39
997.27
997.285
996.54
996.52
996.24
995.91
996.48
996.87
997.0333
997.3448
998.218
997.91
998.78
999.4
999.5
999.73
1000.05
1000.43
1000.5
1000.3
999.93
1000.25
1000.65
1000.989
1002.8645
1002.84
1002.69
1002.5
1001.86
1001.83
1001.45
1001.51
1001.85
1001.7401
1002.4
1002.646
1002.3401
1003.14
1003.02
1002.88
1002.91
1002.93
1003.31
1003.49
1003.73
1004.45
1004.73
1004.76
1004.2901
1003.711
1002.855
1002.985
1003.278
1003.0225
1003.56
1003.8499
1004.08
1004.18
1004.7325
1004.145
1004.28
1004.22
1004.48
1004.13
1004.505
1004.99
1005.5
1005.98
1006.224
1006.49
1007.79
1007.5
1007.37
1006.95
1007.82
1008.1
1007.83
1008.18
1006.92
1006.5
1006.7
1006.5001
1007.006
1006.5101
1006.24
1006.25
1006.18
1005.8
1005.7901
1005.8
1005.98
1006.1289
1006.68
1005.94
1006.27
1005.99
1006.11
1005.49
1004.53
1004.74
1004.77
1005.654
1005.785
1006.18
1006.3525
1006.165
1006.87
1007.22
1006.99
1007.29
1007.5
1008.4201
1008.8
1009.36
1009.299
1008.65
1008.83
1009.15
1008.955
1008.97
1009.288
1009.615
1010.17
1010.9
1011.29
1011.11
1011.58
1011.64
1012.4
1012.54
1012.69
1012.95
1014.21
1013.956
1014.29
1013.06
1014.9699
1014.345
1013.08
1012.597
1013.12
1012.06
1011.3707
1011.57
1010.89
1010.56
1010.95
1010.5304
1010.78
1010.672
1010.73
1010.5
1010.01
1009.62
1009.57
1009.54
1009.51
1010.35
1010.82
1009.21
1009.27
1009.5016
1009.87
1010.08
1010.59
1010.32
1010.71
1011.15
1011.6899
1011.97
1011.634
1011.65
1011.32
1010.64
1010.76
1010.546
1010.82
1010.99
1011.44
1011.99
1012.03
1012.51
1012.39
1012.63
1012.52
1012.03
1012.24
1011.38
1011.14
1011.1601
1010.78
1010.26
1009.72
1007.495
1007.8025
1008.44
1007.56
1007.63
1008.43
1008.93
1009.21
1008.68
1008.78
1008.441
1008.4634
1008.024
1007.59
1006.937
1006.15
1005.1101
1005.27
1005.17
1005.414
1005.75
1006.23
1006.8
1007
1007.71
1007.88
1007.35
1006.515
1006.58
1007.035
1006.815
1006.812
1006.7
1006.1
1005.96
1005.77
1005.93
1006.3
1006.716
1007.98
1008.89
1009
1009.75
1009.7101
1009.87
1010.905
1010.91
1011
1011.01
1010.755
1010.535
1011.58
1012.595
1011.366