867.45
867
866.54
867.129
866.66
866.67
867.63
867.945
866.45
867.13
867.41
866.81
867
867.41
867.63
867.535
868.04
868.75
869.63
870.07
870.1199
871
870.79
870.05
868.751
868.53
869.03
868.18
867.5101
867.92
867.7
868
868.04
868.2104
868.385
868.32
868.77
869.4322
869.915
870.48
870.5
871.09
870.6835
870.03
870.515
871.856
871.7925
871.99
870.751
871.49
871.682
872.16
872.8
872.48
872.71
872.56
872.63
872.36
872.33
872.13
871.881
871.99
872.43
872.97
872.14
872.14
872.35
872.28
871.538
871.5
870.65
870.6
870.9632
870.56
870.44
870.42
870.435
870.7
870.5
870.99
870.62
870.9699
870.782
870.79
870.49
870.77
871.06
869.83
869.72
869.62
869.67
869.66
869.6696
868.38
868.35
868.45
869
868.955
869.0486
869.41
868.93
868.61
868.78
868.93
868.5201
868.68
868.43
867.88
868.31
868.09
867.9
867.24
866.99
867.958
867.755
867.94
867.99
867.88
867.9165
867.5
867.99
867.041
867.288
867
867.195
867.77
867.501
867.3
866.81
866.78
866.71
866.842
866.96
866.74
866.68
866.99
867
866.79
866.82
866.6
866.74
866.7504
866.9
866.7775
866.664
866.6708
866.7
866.53
866.37
866.17
865.85
865.8
866.18
866.55
866.7773
866.93
866.78
866.51
866.8
866.87
866.4365
866.72
866.51
866.39
866.53
866.4
866.638
866.61
866.15
866.26
865.89
866.04
866.02
865.75
865.5
865.46
865.16
864.55
864.368
865.33
865.3999
865.078
864.944
865.14
865.04
865.14
864.35
864.56
865.07
865.04
865.01
865.51
865.91
866.14
866.2
866.03
866.299
866.37
866.625
866.66
866.62
866.61
866.63
865.77
865.46
865.76
866.559
866.13
866
865.6
865.534
865.308
866.32
866.39
866.92
866.79
866.45
867.01
867.1
867.71
867.78
867.35
867.36
867.279
867.3
867.03
867.04
867.16
866.83
866.95
867.05
867.77
867.692
867.6
867.95
867.82
868.06
867.66
867.49
867.36
867.74
867.48
867.3
867.23
867.18
867.5
867.71
867.79
867.83
867.86
867.63
867.84
867.4335
867.43
867.64
867.8
868.05
867.9
868
868.33
868.96
868.47
868.38
867.65
867.6
867.47
866.71
867.01
867.12
867.4
866.84
867.83
867.42
866.9
866.85
867.38
867.26
867.26
867.48
867.61
867.36
867.25
867.302
867.6
867.2773
867.31
867.22
866.52
867.06
867.4443
867.19
867.112
867.18
867.25
867.284
867.64
867.87
867.67
867.51
867.5
867.445
867.16
867
866.75
866.535
867.115
867.17
867.24
867.29
867.43
867.61
866.89
866.7
866.902
867.27
867.605
867.3996
867.23
867.5
867.54
867.55
867.3299
867.2
867.58
867.49
867.21
867.32
867.53
867.31
867.5
867.4116
867.51
867.305
867.62
867.555
867.88
867.67
867.73
867.675
867.45
866.77
866.75
866.35
866.26
865.75
865.81
865.96
865.7
865.6769
865.85
866.21
866
866.19
866.13
866.13
865.63
865.88
865.77
865.58
865.46
865.08
865.19
865.91
865.985
865.74
865.885
864.92
865.25
867.61
867.59
866.705
866.14
865.85
865.23
865.55
865.31
866.175
866.76
866.519
865.32
865.05
864.565
865.17
865.8
865.23
865.34
864.32
864.26
864.11
863.91
863.652
863.65
863.5188
863.96
864.5588
864.3
864.34
863.63
863.29
863.5
863
862.33
861.388
861.49
861.6
862.7
862.611
862.1
862.826
862.07
862.14
861.965
861.84
861.02
860.81
862.22
861.96
861.35
861.43
860.7577
861.2925
860.89
860.78
860.96
860.6155
861.915
861.6
861.1599
861.8
862.04
861.81
861.996
861.16
861.27
861.66
861.305
861.27
860.89
861.3444
861.56
861.25
860.65
860.5
860.35
860.57
860.75
860.73
860.56
860.2
860.3
860.11
859.86
859.88
859.7552
860.05
860.2
860.49
859.62
859.317
858.805
858.71
856.29
855.53
856.44
857.01
857.09
856.99
856.96
855.11
855.03
856.078
855.59
855.24
854.36
854.25
853.914
854.975
855.309
855.67
855.778
855.85
855.65
855.6798
856.14
856.84
856.72
856.4
856.41
856.61
856.82
857.045
857.75
858.675
857.43
857.825
857.8801
857.5
857.07
856.56
856.5
856.4
856.06
855.74
855.2601
856.34
855.6
855.7999
855.8999
855.55
855.3
855.469
856.015
855.5
855.39
856.09
855.5
856.22
855.12
855.47
855.28
855.66
855.57
856.06
856.165
856.92
856.86
857.165
857.988
858.19
858.1445
858.4099
857.32
856.73
857.02
856.8825
857.735
857.1
856.53
857
856.7399
857.53
856.95
856.45
856.58
856.4
855.869
855.58
855.435
855.385
855
855
855.01
855.11
855.835
855.74
855.46
855.39
856.09
855.8
856.65
856.5
855.51
855.29
855.19
854.66
855.44
855.3
855.76
855.79
855.51
855.2905
855.55
855.4371
855.87
856.14
856.44
856.2
855.94
857.0396
856.45
856.25
856.42
855.54
855.65
855.52
855.58
855.79
855.89
855.63
856.36
855.8
855.4
855.94
855.75
855.67
855.2
855.275
855.01
855.02
855.44
854.94
855.11
855.5
855.79
855.99
855.93
855.5501
855.6
854.85
854.1758
854.5
854.3555
854.45
854.7417
854.74
854.81
854.72
855.45
854.69
855.29
855.9
855.4
855.88
855.7038
855.22
855.29
855.09
854.64
854.87
854.77
855.285
855.36
855.2055
855.425
854.5487
854.4
854.7
854.61
854.418
854.07
853.44
854.28
854.29
854.02
853.79
853.655
853.865
853.66
854.23
853.59
852.81
853.01
852.89
852.69
852.9945
853
852.96
852.9
853.12
852.792
852.73
852.735
852.86
853.26
852.98
853.5
852.89
852.86
853.65
853.29
853.29
852.71
853.605
853.71
854.18
855.17
854.48
855.48
854.936
854.52
854.85
854.82
854.91
854.63
854.74
854.99
853.76
853.8201
853.86
854.34
854.74
854.65
854
853.88
853.88
853.579
853.24
852.72
853.55
853.54
853.56
853.3
854.11
853.34
853.425
853.64
853.23
853.1399
853.787
853.4115
853.975
853.73
853.68
854.9
854.56
854.29
854.44
854.645
853.955
853.97
853.17
853.44
853.17
852.98
852.16
852.11
852.31
852.95
853.1255
853.3
854.03
853.73
854.26
854.76
854.94
855.125
855.31
855.2
855.41
855.27
855.83
856.26
856.72
855.97
854.84
855.12
855.081
854.73
854.98
855.66
855.568
855.71
855.54
855.5528
855.65
855.32
855.41
854.16
853.33
853.465
854.08
854.2
853.82
854.16
853.51
853.74
853.675
852.93
853.08
853.98
856.28
856.385
855.96
855.97
854.95
854.4
853.64
852.09
852.76
852.63
852.5
852.5
852.41
852.47
852.165
852.33
851.93
848.01
848.65
848.575
848.489
847.52
846.1494
846.23
846.12
845.12
844.61
843.33
844.44
844.989
846.29
845.52
845.47
845.11
845.4325
845.53
845.5
844.631
845.13
845.7403
845.6425
845.59
845.07
845.43
845.69
845.985
845.79
846.02
846.6
847.55
847.45
847
846.81
848.385
849.476
850.41
850.95
851.1599
851.1
851.66
851.09
851.08
851
851.93
851.875
851.42
850.5801
850.34
850.65
850.91
851.02
851.5945
852.94
853.54
853.75
854.4
853.79
851.87
851.8999
852.59
852.48
853.12
852.48
852.42
850.45
850.598
850.88
850.775
849.84
850.441
850.44
850.52
850.29
849.92
850.215
849.43
849.34
849.055
848.68
848.25
848.34
848.11
848.135
847.545
847.33
847.5
848.02
846.285
846.21
846
845.44
846.5
846.61
846.54
846.36
847.65
846.95
846.65
847.03
847.18
847.59
848.14
848.789
848.0279
848.1813
848.56
848.956
848.16
847.88
848.11
847.77
847.01
847.06
848.18
848.42
848.9
848.54
848.18
848.22
847.76
847.58
848.39
847.74
847.89
847.89
847.905
847.67
846.36
846.925
847.06
847.78
847.92
847.36
847.38
846.595
846.31
846.05
846.79
846.51
846.97
847.5
847.499
847.5
847.449
847.4845
847.32
847.93
848.18
847.57
847.59
847.99
847.66
847.8
846.94
847.08
847.09
848.1745
847.13
847.01
847.716
847.37
848.0368
848.1
848.15
849
848.69
848.86
849.2
849.38
849.42
849.03
847.9557
847.78
848.77
847.91
847.97
847.82
847.6
847.78
847.33
847.08
846.892
847.022
847.84
848.0504
847.87
847.48
847.848
847.57
848.31
849.06
849.47
849.42
848.89
849.18
849
848.71
849.38
849.18
849.086
849.42
850.37
850.7599
851.83
851.828
852.238
852.8
852.46
853.1
852.518
852.32
852.6057
852.84
852.68
852.9468
852.84
853.89
853.31
853.25
853.27
853.01
852.556
852.179
851.84
852.07
851.67
851.91
852
851.97
851.891
851.99
852.85
853.21
852.84
853.54
853.035
853.01
853
853.32
853.09
853.09
853.37
853.95
853.94
853.53
852.89
853.21
853.885
853.72
852.79
853.225
852.25
852.93
853.97
853.41
853.845
854.2
853.53
853.93
852.4
852.18
851.7
851.53
852.025
852.384
851.87
850.79
851.68
851.42
852.55
852.225
852.79
852.64
853.2997
853.574
854
853.865
854.1
853.835
854.448
855.22
855.02
855.1888
854.86
854.15
854.92
854.61
853.92
855.43
855.21
855.43
855.06
855
855.24
854.87
854.958
854.9425
855.2
854.96
854.63
854.41
855.0835
855.05
855
855.49
856.97
856.86
857.4
857.61
857.01
857.086
857.105
857.07
857.63
856.38
856.365
855.33
855.83
856.05
856.08
856.39
856.44
856.855
856.46
856.573
856.655
856.43
856.33
856.62
856.3013
856.85
856.261
856.5
856.295
856.88
856.49
856.35
855.76
855.85
856.47
856.73
857.15
858.24
860.84
860.77
860.53
860.24
860.528
859.7885
860
860.15
860.15
860.63
860.37
858.84
858.865
857.49
857.04
856.33
857.5
856.73
855.34
855.23
855.72
855.78
855.89
856.31
856.83
863.84
863.9699
865.03
865.635
863.19
863.04
861.94
861.9545
862.3292
862.91
862.6
862.5
862.46
863.09
864.2
864.29
864.11
862.6601
863.83
862.93
862.48
861.53
862.85
863.12
863.96
863.81
863.41
864.09
864.45
863.81
863.799
863.735
862.96
862.035
861.47
861.88
862.35
861.53
860.7
861.245
861.36
861.4
861.23
860.99
860.314
860.92
861.11
860.43
860.3501
860.97
861.195
861.02
861.32
861.3
862.1
862.89
862.32
861.825
862.26
862.84
862.72
863.03
861.76
862.56
862.05
862.167
862.14
863.15
863.0379
863.23
863.51
863.3
863.61
864.199
864.22
864.17
864.23
864.2
864.657
863.93
863.88
863.524
863.65
863.6713
863.27
863.32
862.3801
862.03
862.23
862.37
862.51
862.58
862.44
862.27
861.921
861.52
861.795
861.94
861.66
861.14
861.83
862.19
862.3455
862.35
862.69
863.23
863.02
863.304
863.3189
863
863.57
862.62
863.35
863.03
863.5633
862.84
862.55
862.91
862.34
862.87
863.2199
863.86
863.46
863.31
863.98
864
864.45
864.15
864.47
864.34
864.9
864.69
864.83
864.53
864.36
864.57
865.24
865.24
865.68
865.7
865.17
865.18
865.95
866.1
865.62
865.99
866.36
866.16
866.57
866.19
866.521
866.385
866.95
866.88
866.82
867.16
867.49
867.18
867.48
867.58
867.6
867.28
867.17
867.16
866.8889
867
867.215
867.12
867.28
867.16
867.57
867.23
867.37
867.835
867.67
867.03
866.76
867.07
867.2
867.445
867.42
867.5
867.455
867.56
867.76
867.73
867.79
867.61
867.9771
867.6
867.21
867.3999
866.18
866.54
866.89
867.18
867.2976
867.22
866.56
865.94
866.41
866.44
866.5
866.84
866.59
866.63
866.63
866.85
867.05
866.78
866.67
866.13
866.5
866.591
866.7
866.55
866.82
866.88
866.61
866.58
866.7
867.08
867.27
867.28
867.19
867.23
867.27
866.84
866.55
866.566
866.6
866.7001
866.78
866.64
866.93
866.8969
866.658
866.82
866.83
866.9
866.86
866.98
866.98
867.37
867.2745
867.18
867.18
867.1433
866.79
867.15
867.4
867.4
867.48
867.55
867.38
867.46
867.7
867.54
867.5
867.44
867.085
867.24
867
867.25
867.125
867.02
867.05
866.99
866.69
866.79
866.98
866.64
866.36
866.2
866.506
866.26
866.235
865.64
865.65
865.59
865.0001
865.3
865.28
865.45
865.46
864.915
865.09
864.8
864.8
864.67
865.415
865.5
865.34
865.29
865.59
865.61
866.19
865.83
865.14
865.052
865.11
865.5
865.62
865.441
865.98
865.871
865.8
866.11
866.11
866.25
865.962
866.17
866.5
866.11
866.11
866.24
865.895
866.5
866.5
866.27
865.72
865.91
865.91
866.2275
866.56
866.43
866.41
866.54
866.425
866.44
866.21
866.49
866.74
867.23
867.325
867.5
866.99
867.42
867.78
867.18
867.61
867.8
868.24
868.4
868.61
867.7784
868.02
868.16
867.98
867.83
867.75
867.57
867.51
868.2499
868.06
868.05
867.61
867.91
867.81
867.9
867.11
868.162
867.62
867.15
867.34
867.68
867.22
867.554
866.872
866.7225
866.92
867.4299
867.34
867.03
866.83
867.47
866.89
866.18
866
866.52
866.77
866.57
866.97
867.55
867.6074
867.76
866.7
867.04
867.61
866.03
866.87
865.67
865.79
865.75
865.995
866.17
865.9994
868.12
867.8
867.55
867.53
868.62
868.57
869.17
869.9
869.96
870.18
870.25
869.42
869.36
869.54
869.3
869.38
869.865
869.65
869.93
870.18
871.03
871.634
871.5212
873.06
872.465
872.7863
872.37
872.07
872.19
872
872.13
871.88
871.99
871.61
871.25
871.675
871.68
871.77
872.386
872.31
871.9129
871.75
871.95
871.56
871.04
871.69
871.93
872.25
871.65
871.99
872.185
872.03
872.19
872.0231
871.99
871.98
872
872.01
871.94
871.66
871.67
871.9915
871.28
870.89
871.07
871.11
871.265
871.06
870.94
870.96
871.21
870.98
870.82
870.23
870.045
870
869.8555
869.89
870.26
870.42
870.5
871.31
871.155
870.961
870.89
871
871.09
871.3
870.9
871.025
871.35
871.09
871.32
871.04
871.44
871.54
871.46
871.8
871.51
871.66
871.335
870.985
871.14
871.23
870.975
871.2645
870.98
871.18
870.99
871.125
870.83
870.83
870.42
870.89
870.94
871.29
871.5
871.74
871.59
871.82
871.89
871.765
871.858
871.942
871.915
872.08
871.51
871.46
871.415
871.48
871.81
871.98
871.7577
871.65
871.58
871.595
871.96
872.18
872.17
871.95
871.81
871.92
871.905
872.13
872.34
872.45
872.07
872.01
872.09
871.91
872.08
872.27
871.98
871.66
871.37
871.19
871.27
871.37
871.49
871.4
871.39
871.77
871.77
871.66
871.73
871.31
870.88
870.98
871.045
871.13
870.91
870.74
870.93
871.09
871.1
870.87
870.94
870.91
870.75
870.67
871.12
871.2
871.27
871.4814
871.45
871.29
871.34
871.36
871.08
870.87
871.05
871.143
871.2
871.2738
871.26
871.255
871.42
871.19
871.27
871.37
871.39
871.37
871.07
870.92
871.08
871.1
871.115
871.1901
871.3322
871.46
871.27
871.18
871.45
871.4
871.25
871.21
871.04
871
870.77
870.8645
870.82
871.09
871.09
870.99
871
870.8306
870.99
871.02
870.88
870.95
870.74
871.15
871.0372
871.3445
871.15
871.01
870.94
871.06
871.362
871.51
871.59
871.48
871.47
871.47
871.25
871.24
871.33
871.56
871.42
871.34
871.41
871.22
870.96
871.21
871.02
871.114
870.88
870.84
870.95
871.35
871.47
871.46
871.59
871.95
871.845
871.835
871.928
871.75
871.67
871.55
871.46
871.35
871.43
871.42
871.5
871.68
871.525
871.49
871.38
871.43
871.555
871.54
871.58
871.4
871.7
871.7
871.42
871.1
871.1352
871.211
871.29
871.2
871.38
871.42
871.21
871.31
871.05
871.27
871.03
870.88
870.7
870.538
870.43
870.44
870.58
870.7
870.85
870.91
870.97
870.87
870.8455
870.86
870.81
870.78
870.92
870.71
870.83
870.71
870.84
871.08
870.95
870.77
870.392
870.36
870.2
870.62
870.91
870.86
870.75
870.89
871.02
870.93
870.81
870.57
870.68
870.01
870.09
869.74
870
869.79
869.7
869.9055
870.19
870.0955
869.84
869.98
870.12
870.74
870.79
870.9
871.19
870.9622
870.825
870.64
870.63
870.8
870.86
870.56
870.8
870.57
871.172
871.22
871.16
871.03
871.12
870.91
871.09
870.56
870.71
870.93
870.66
870.94
871.18
871.29
871.21
871.24
871.47
871.02
871.51
866.66
866.08
866.73
867.09
868.88
866.5401
866.77
866.44
866.76
866.59
868.34
868.9
868.98
868.71
868.57
868.64
868.88
869.154
868.899
867.74
867.98
868.015
867.635
868.66
868.84
869.72
869.65
870.24
870.5
870.4
870.81
871.86
872.3
872.52
871.9845
870.78
870.31
869.615
869.9699
870.47
870.9
870.65
870.05
870.26
870.78
870.66
870.35
870.76
870.59
870.2
870.52
870.465
870.14
870.42
870.17
870.17
870.45
870.02
870.19
870
869.91
870.21
870
870.14
869.88
869.79
870.23
870.15
870.23
870
869.52
869.78
870.03
869.65
869.49
869.5702
869.355
869.2
869.3
869.37
869.43
869.08
868.65
869.019
868.5
867.75
868.05
868.42
868.0279
868.36
868.14
867.94
868.3
868.58
868
867.7
867.7
867.78
867.85
867.26
867.396
867.466
867.53
867.36
867.35
867.69
868
867.94
867.82
867.67
867.7
867.7
867.72
867.66
867.505
868.15
868.068
868.2999
868.3
868.66
868.49
868.832
868.88
868.92
868.42
868.92
869
869.06
869.16
869
869.2455
869.74
869.75
869.52
869.645
869.7999
870.44
870.75
870.765
871.2299
871.01
871.5
871.12
871.17
871.45
872.03
872.25
872.57
872.79
872.95
873.31
873.015
873.45
873.355
872.96
872.76
872.36
872.55
872.77
872.58
872.56
872.53
872.348
872.505
871.852
872.13
872.01
872.28
872.91
872.848
872.67
872.48
872.25
871.87
871.53
872.1245
872.056
872.4
872.75
872.75
872.91
872.99
872.07
872.06
872.33
872.565
872.51
872.49
872.67
872.76
872.9
873.1
873.44
873.56
873.55
873.65
873.73
873.96
873.7
873.7275
873.49
873.91
873.9101
874.1
874.19
874.509
874.55
874.86
874.65
874.49
874.2
874.13
874.5
874.5
874.49
874.0301
874.408
874.79
874.535
874.81
875.01
875.35
875.125
875.17
875.26
875.16
875.4
875.24
875.34
875.21
875.05
875.09
875.09
875.08
875.08
875.43
875.47
875.215
875.06
875.32
875.51
875.63
875.58
875.48
875.49
875.55
875.378
875.58
875.5401
875.59
875.68
875.37
875.23
874.96
875.001
875.05
874.92
874.8
874.87
874.9
874.94
875.07
875.16
875.496
875.58
875.39
875.5
875.6799
875.45
875.61
875.9
875.99
875.63
875.6499
874.8
875.44
875.08
875.045
875.25
875.27
875.1
875.45
875.65
875.7
876
875.8
875.7
875.13
875.08
874.8901
875.04
874.855
875.08
874.89
875.22
875.19
875.24
875.36
875.18
875.25
875.26
875.26
875.3
875.19
874.99
874.63
873.97
873.5
873.45
874.34
874.49
874.78
875.3
875.2
875.04
874.61
874.315
874.48
874.415
874.27
874.57
874.5
874.67
874.44
874.47
874.595
874.33
874.84
875.03
875.05
874.72
874.87
874.92
875.55
875.42
875.65
875.48
875.91
875.7
875.67
875.07
875.11
875.28
874.9899
874.41
874.4
874.187
874.4599
874.1
874.3
873.9
874.2
874.3
874.191
874.55
875.02
874.57
874.64
874.5
874.43
874.36
874.04
874.44
873.96
874.49
873.94
874.22
874.6
874.96
874.51
874.26
874.05
873.8
874.15
874.14
874.22
874.12
873.86
874.169
874.49
874.47
875.49
874.95
876.11
875.76
875.11
877.46
876.22
876.295
875.793
875.7
875.06
875.36
876.746
875.56
875.2
874.9399
874.49
874.4
874.451
876.05
876.01
876.74
876.26
877.71
877.7
878.4
878.73
878.564
878.01
877.73
877.35
878.05
878.48
878.15
878.5
878.307
878.49
879.45
879.141
879.38
879.585
879.52
880.701
880.4
880.33
880.82
880.91
880.67
880.975
880.8
880.9291
881.24
880.9
881.04
881.25
881.02
881.38
880.67
881.22
880.9
880.98
880.79
881.69
881.67
881.37
881.85
881.96
882
881.633
881.51
881.48
881.28
881.54
881.17
880.999
881
879.66
878.88
879.39
879.67
879.51
880.22
880.0171
880.57
880.32
879.99
879.82
879.6098
879.62
879.49
879.07
879.47
879.63
879.91
879.99
879.92
879.39
879.75
879.8
879.23
879.38
879.97
879.42
878.91
879
878.75
879.24
879.536
879.86
879.07
879.676
879.74
880.45
880.54
880.8
881.89
882.05
881.6501
882.05
882.12
882.4787
882.53
882.155
881.68
881.56
881.9
882.47
882.482
882.18
881.63
881.92
881.43
881.482
881.3655
882
882
882.17
882.8
882.7
882.39
882.673
881.87
881.82
881.81
881.81
882.42
882.53
883.06
883.55
883.18
882.86
882.58
882.76
882.0006
882.05
882.34
882.01
881.8
882.74
882.3
882.43
883
883.39
883.639
883.75
883.96
884.11
883.62
883.48
882.92
882.56
882.24
882.22
882.15
882.4101
882.5
882.46
882.97
883.11
883.59
883.7
883.6
883.96
883.45
883.29
883.49
882.86
882.89
883.62
884.72
883.82
883.57
883.64
883.35
882.56
882.57
883.26
883.05
883.95
883.77
883.47
883.4585
884.12
883.93
883.6
883.6
883.59
883.94
883.08
883.37
883.1875
883.1299
883.3
882.98
883.1345
882.34
882.77
882.61
882.46
882.11
881.83
882.14
882.27
882.72
882.69
882.28
882.6
882.91
883.4
883.49
883.41
883.5
883.22
882.97
882.652
882.46
882.76
883.01
883.05
883.09
883.19
883
882.044
881.92
881.44
882.1443
882.55
882.8
882.8
882
881.69
881.81
881.96
881.848
881.12
881.36
881.0501
881.55
881.5
881.4085
881.98
882.02
882.63
881.85
881.5
882.86
882.97
882.58
882.4288
881.8701
882.4
882.84
883.16
883.09
883.36
883.44
883.47
882.6101
882.75
882.12
881.3
881.625
881.94
881.5
881.925
881.58
881.44
881.65
882.5
882.4
881.98
881.89
881.72
882.17
881.87
881.98
879.62
880.75
881.51
881.51
881.205
880.69
881.29
881.555
880.96
881.89
881.09
880.89
881.09
880.69
881.03
881.7
881.47
881.59
882.18
882.98
882.9
882.39
880.86
882.07
881.27
881.31
881.61
882.64
882.37
882.36
883.01
882.84
882.95
882.78
882.88
883.7899
883.09
882.71
882.94
882.21
883.13
883.71
884.73
885.5
884.76
884.85
884.69
884.0101
884.295
883.87
883.34
883.4001
883.56
883.82
883.59
883.55
883.4
883.201
883.53
883.42
883.11
883.46
883.3
883.15
883.36
882.5
882.79
882.27
882.78
882.22
882.45
882.62
882.93
882.38
882.35
881.91
882.35
881.66
881.7099
881.0425
882.1
881.91
882.4
882.24
881.31
881.58
881.13
881.48
881.715
882.11
882.01
882.2
882.6399
882
885.87
885.74
884.54
885
884.53
884.53
884.88
885.41
886.05
886.66
885.77
886
885
885.011
885.6
885.3
885.5
884.56
884.5675
885.54
885.83
885.22
886.4
887.4578
887.07
888.2
888.3
889.56
889.734
890.29
889.88
890.753
891.31
891.66
891.02
891.4999
891.73
891.48
891.14
891.47
892.28
891.34
891.78
891.92
891.45
891.87
892.06
891.959
891.28
891.57
891.2032
891.09
891.11
891.44
891.305
891.2
891.49
891.15
891.106
891.04
891.5
891.04
891.5
891.485
891.66
891.94
892.47
892
892.24
892.24
892.04
891.86
891.722
891.751
891.7
891.14
891.355
891.5
891.4
891.72
891.9668
891.87
891.79
892.45
892
892.38
892.02
892.12
891.98
892.03
892.75
893.482
893.445
893.64
893.25
893.51
893.74
893.84
894.29
893.95
894.02
893.7
893.97
893.67
894.08
894.29
894.37
894.01
894.12
894.56
894.42
894.1655
894.25
894.24
894.528
894.91
894.87
894.95
894.68
894.5
894.35
894.42
895.34
895.531
895.722
895.47
895.12
895.19
894.98
895.09
895.0001
895.235
895.2
895.21
894.78
895.11
895.288
895.4899
895.5
895.22
895.3
895.07
894.7623
894.59
894.9
894.621
894.77
894.88
895.11
895.4299
895.37
894.94
894.79
894.67
894.87
894.6801
894.834
895.02
895.19
895.17
895.31
895.54
895.63
895.27
895.2
895.28
895.504
895.47
895.18
895.649
895.52
895.24
894.93
894.886
895.14
895.25
895.51
895.69
895.51
895.91
895.72
895.64
895.8499
895.7999
895.32
895.4599
895.92
895.81
895.68
895.48
895.61
896.14
895.87
895.9
895.895
895.72
895.83
896.06
895.865
895.65
895.94
895.89
895.68
895.925
895.68
895.91
895.818
895.9
895.91
896
895.97
896.04
896.15
896.06
896.25
895.97
896.22
896.28
896.2
896.1399
896.0037
895.885
895.88
896
895.8204
895.6
895.93
895.935
895.95
896.2
896.15
896.3
896.2
896.12
896.19
896
895.93
896.146
896.28
896.24
896.39
896.53
896.42
896.15
896.165
896.35
896.34
896.51
896.36
896.39
896.5
896.75
896.84
896.84
896.88
896.69
896.57
896.68
896.68
896.665
896.51
896.44
896.628
896.87
896.65
896.735
896.4655
896.4
896.35
896.36
896.39
896.35
896.215
896.47
896.795
896.74
896.5201
896.541
896.6
896.49
896.17
896.4
896.44
896.66
896.38
896.59
896.45
896.1
896.13
896.3
896.27
896.39
896.1
895.84
896.15
896.33
896.47
896.39
896.479
896.28
896.08
895.2
894.75
895.43
894.9
894.41
894.8003
894.562
894.88
894.61
894.4
894.22
894.35
894.77
894.97
895.465
895.17
895.01
895.41
895.22
895.73
896.05
896.05
896.185
896.14
896
896.15
896.171
895.8017
896.141
896.28
896.14
895.6
895.57
895.5975
894.915
895.2601
895.32
895.4
895.5644
895.12
895.09
895.48
895.58
895.88
895.95
896.15
896.222
896.12
896.0301
896.15
896.06
896.28
896.17
895.93
896.26
895.884
895.9
895.94
895.96
895.74
895.545
895.1201
895.025
895.05
895.04
895.31
896
895.88
896.11
896.15
896.02
895.9
895.9
896.0003
896.11
896.07
895.74
895.82
895.816
895.8
895.62
896.1799
896.15
896.12
895.8
896.17
895.57
897.38
898
898
898.029
892.99
892.675
893.615
892.48
891.07
891.42
892.42
892.61
892.985
894.3
894.2596
893.91
894.126
894.15
894.25
894.275
894.56
894.55
894.75
894.84
894.175
894.32
894.025
894.05
893.1
892.68
892.565
892.94
892.17
893.044
892.42
892.84
892.31
892.06
892.43
893.3
893.36
893.03
892.175
891.77
892
892.058
892.24
891.89
891.7
891.915
891.81
892.15
892.332
892
892.335
892.33
892.11
892.427
891.9
891.67
891.771
891.93
892.17
892.0901
891.71
891.5
891.25
890.45
890.62
890.73
890.995
890.66
890.4
890.12
890.05
890.433
890.61
891.33
891.02
890.678
890.49
890.185
890.35
889.5
888.75
888.895
889
888.29
888.4
889.126
889.37
888.93
888.285
888.44
888.1
887.3
887.7201
887.63
888.14
888.1499
888.23
887.75
887.83
888.19
888.6
888.515
888.775
888.11
889.2
888.44
889.1
888.675
889.2
889.46
889.719
889.7478
889.57
889.74
889.99
889.96
889.875
889.95
890.37
890.43
890.44
891.08
891.26
891.165
891.42
891.5345
891.48
891.42
889.69
890.561
891.169
891.12
891.31
891.779
891.96
892.853
892.22
892.08
892.14
892.5
892.43
892.5113
892.37
892.499
892.36
892.654
892.62
892.64
893.07
892.95
892.61
892.4001
892.8199
892.56
892.67
892.984
892.99
893.06
893.5
893.58
893.281
893.38
893.1
893.74
893.84
893.62
893.99
894.46
894.7
895.2845
896.26
895.77
895.64
895.33
895.51
895.35
894.872
894.856
894.5
894.27
894.298
894.6
894.48
894.37
893.852
893.63
893.33
893.26
893.25
893.15
893.01
892.826
892.36
892.396
892.12
892.42
892.76
892.9001
893.01
893.179
892.81
892.825
893.02
893.3075
893.28
893.215
893.09
893.17
893.395
893.25
893.08
893.16
893.01
893.282
893.28
893.07
893.07
893.216
893.514
893.555
893.5
893.625
893.41
893.5399
893.3
893.25
893.22
890.38
889.49
890.71
891.36
891.845
892.15
892.08
892
890.3
890.5
890.32
889.34
889.57
889.96
889.32
889.07
888.8599
888.58
888.33
888.3
888.11
887.86
888.317
889.218
889.0999
889.05
888.25
888.09
888.04
887.68
887.64
888.29
888.0755
888.25
888.05
888.1435
888.12
889.1
889.19
888.98
888.5
888.35
888.21
888.23
888.24
887.405
887.37
887.4901
887.58
887.53
887.35
887.37
887.54
887.408
887.37
887.5
887.72
887.6
887.33
887.33
887.33
886.52
887.2
887.14
886.85
886.92
887.88
888.16
888.16
887.86
887.669
887.09
886.98
886.77
886.94
887.3052
887.6
887.31
887.34
887.323
887.47
887.74
887.887
887.98
887.74
887.9999
888.0099
888.18
888.31
888.08
888.115
887.81
887.98
888.28
888.46
888.43
887.89
887.98
887.98
887.74
888.03
888.4496
888.43
888.471
888.4
888.535
888.51
888.46
888.62
888.69
888.83
888.7
888.4
887.84
887.84
887.665
887.96
887.52
887.8592
888.476
888.376
888.42
888.57
888.04
888
887.95
888.135
887.83
887.37
887.83
887.81
887.64
887.26
887.46
887.14
887.03
886.66
886.04
886.27
886.762
887.77
887.5625
887.074
886.7
886.4
886.82
887.198
888
887.87
888.19
887.7901
888.11
888.11
888.63
888.74
889.206
888.64
888.12
887.81
887.89
887.7
887.44
888.97
889.8
888.794
976.58
976.26
979.8
981.22
979.695
979.71
980.004
979.026
979.5
979.58
980.0155
979.58
979.81
980.34
980.85
979.99
980.2
979.07
979
979.22
979.13
980.95
981.13
982.6169
983.66
984.2401
986.6
989.05
992.21
997.011
996.89
995.32
997.02
996.9899
999.03
999.19
999.87
1001.61
1003.7099
1005.57
1004.2
1006.5
1005.57
1004.735
1004.42
1003.58
1002.39
1000.651
1000.66
999
998.286
999.44
1001.6915
1000.26
1002
1002.67
1002.8612
1001.205
1002.12
1002.416
1004.13
1003.26
1003.73
1002.32
1001.51
1001.63
1000.68
1000.66
1001.27
999.89
999.25
998.91
1001.2
999.85
1000.188
1000.24
1000.125
1000.525
1000.16
1000.96
1002.75
1001.79
1002.14
1002.01
1002.42
1001.76
1001.88
1001.38
1001.57
1001.23
1000.07
1000.63
1000.19
1000
999.9
1000.5025
1000.32
1000.7901
1000.85
999.69
999.632
1000.24
1000.82
1000.669
999.99
1000
1000.31
999.94
999.73
999
998.8
999.5
998.97
998.56
996.94
996.12
996.85
997.11
997.08
997.41
997.18
997.4499
997.95
998.27
997.87
997.83
998.24
998.179
998.685
998.08
997.448
997.79
997.9
997.508
997.78
997.68
997.59
998.282
998.02
997.85
997.5
997.04
996.281
997.25
997.39
997.27
997.285
996.54
996.52
996.24
995.91
996.48
996.87
997.0333
997.3448
998.218
997.91
998.78
999.4
999.5
999.73
1000.05
1000.43
1000.5
1000.3
999.93
1000.25
1000.65
1000.989
1002.8645
1002.84
1002.69
1002.5
1001.86
1001.83
1001.45
1001.51
1001.85
1001.7401
1002.4
1002.646
1002.3401
1003.14
1003.02
1002.88
1002.91
1002.93
1003.31
1003.49
1003.73
1004.45
1004.73
1004.76
1004.2901
1003.711
1002.855
1002.985
1003.278
1003.0225
1003.56
1003.8499
1004.08
1004.18
1004.7325
1004.145
1004.28
1004.22
1004.48
1004.13
1004.505
1004.99
1005.5
1005.98
1006.224
1006.49
1007.79
1007.5
1007.37
1006.95
1007.82
1008.1
1007.83
1008.18
1006.92
1006.5
1006.7
1006.5001
1007.006
1006.5101
1006.24
1006.25
1006.18
1005.8
1005.7901
1005.8
1005.98
1006.1289
1006.68
1005.94
1006.27
1005.99
1006.11
1005.49
1004.53
1004.74
1004.77
1005.654
1005.785
1006.18
1006.3525
1006.165
1006.87
1007.22
1006.99
1007.29
1007.5
1008.4201
1008.8
1009.36
1009.299
1008.65
1008.83
1009.15
1008.955
1008.97
1009.288
1009.615
1010.17
1010.9
1011.29
1011.11
1011.58
1011.64
1012.4
1012.54
1012.69
1012.95
1014.21
1013.956
1014.29
1013.06
1014.9699
1014.345
1013.08
1012.597
1013.12
1012.06
1011.3707
1011.57
1010.89
1010.56
1010.95
1010.5304
1010.78
1010.672
1010.73
1010.5
1010.01
1009.62
1009.57
1009.54
1009.51
1010.35
1010.82
1009.21
1009.27
1009.5016
1009.87
1010.08
1010.59
1010.32
1010.71
1011.15
1011.6899
1011.97
1011.634
1011.65
1011.32
1010.64
1010.76
1010.546
1010.82
1010.99
1011.44
1011.99
1012.03
1012.51
1012.39
1012.63
1012.52
1012.03
1012.24
1011.38
1011.14
1011.1601
1010.78
1010.26
1009.72
1007.495
1007.8025
1008.44
1007.56
1007.63
1008.43
1008.93
1009.21
1008.68
1008.78
1008.441
1008.4634
1008.024
1007.59
1006.937
1006.15
1005.1101
1005.27
1005.17
1005.414
1005.75
1006.23
1006.8
1007
1007.71
1007.88
1007.35
1006.515
1006.58
1007.035
1006.815
1006.812
1006.7
1006.1
1005.96
1005.77
1005.93
1006.3
1006.716
1007.98
1008.89
1009
1009.75
1009.7101
1009.87
1010.905
1010.91
1011
1011.01
1010.755
1010.535
1011.58
1012.595
1011.366